0.422527 106
46.884731 35
0.914762 63
0.006627 30
4.665681 2
0.076096 8
0.000184 67
0.000392 58
0.000189 41
0.000577 423
0.000097 200
0.000249 270
0.000049 181
0.000197 415
0.000085 137
1.379896 22
0.017800 22
0.019974 22
0.015983 22
0.194030 22
0.012288 22
0.015719 22
0.018093 23
0.181986 23
0.012108 23
0.020297 23
0.176416 23
0.013865 23
0.016331 23
0.167017 23
0.007946 23
0.014165 23
0.187949 23
0.011897 23
0.006108 31
0.193870 23
0.010012 23
0.016932 23
1.210811 21
0.136835 21
0.600533 83
1.192927 458
0.317361 6
0.000348 45
0.014003 71
0.000099 467
0.490451 6
0.000253 65
0.002575 106
30.839663 85
0.990620 171
0.000117 9
0.023126 106
4.323561 104
0.878639 115
0.024024 106
5.352420 38
0.964065 69
0.052932 106
3.128325 22
0.757575 28
0.000115 9
0.025786 25
0.004012 20
0.000127 27
3.816887 1
0.120107 1
0.238767 1
0.159896 1
0.241889 1
0.575605 1
0.256261 1
0.198537 1
0.518663 2
0.000222 38
0.000108 57
0.000216 43
2.999458 2
0.055886 23
0.000172 29
0.000069 38
0.000800 8
0.000117 5
6.489887 1
0.109162 1
0.312403 1
0.348682 1
0.163306 1
0.251418 11
0.000317 45
0.000031 5
16.341491 1
0.158029 1
0.120298 1
0.159572 1
0.115920 11
0.000262 14
0.001470 106
0.825352 24
1.564211 41
0.084490 1584
0.006571 106
58.468659 55
1.764633 150
0.215717 3
0.448280 11
0.187862 12
0.007937 106
3.121711 27
0.892154 37
0.102724 3
0.313010 11
0.217370 29
0.007680 106
3.723500 24
0.724332 41
0.061167 1785
0.007420 106
22.012540 32
1.007041 57
0.001273 58
0.000477 106
21.117542 23
0.311080 42
0.351750 15
0.424330 61
0.174634 46
0.257167 32
0.183178 42
0.137117 68
0.630766 147
0.178667 47
0.590884 28
0.464765 32
0.166656 42
0.180239 68
0.326818 196
0.276727 57
0.366879 84
0.311986 55
0.176790 48
0.135919 56
0.351090 61
0.175838 57
0.200217 131
0.135781 45
0.160079 55
0.116011 39
0.461120 14
0.138893 5
0.180587 46
0.144783 34
0.118535 49
0.291407 56
0.117535 66
0.335130 37
0.120857 62
0.143117 54
0.119933 42
0.120034 53
0.154060 48
0.173899 51
0.156114 6
0.123895 42
0.099224 49
0.124781 66
0.162516 50
0.158866 47
0.120040 51
0.304137 53
0.119563 42
0.118980 46
0.120087 110
0.120976 378
0.360566 195
0.142891 288
0.176162 42
0.511803 46
0.689840 53
0.312688 53
0.164867 42
0.161013 46
0.176006 110
0.194140 378
0.197820 12
0.178105 15
0.269861 6
0.160093 119
0.158942 156
0.144067 42
0.154983 251
0.140895 124
0.144162 48
0.163870 61
0.199388 25
0.181740 36
0.135916 43
0.139349 61
0.142663 57
0.326778 61
0.143409 57
0.446965 48
0.215797 31
0.744182 36
0.559935 31
2.125231 29
0.860203 11
0.076106 106
80.798440 54
1.620014 159
0.018130 106
0.868620 45
0.368767 47
0.841688 54
1.410327 42
2.788797 15
0.634228 61
0.280598 46
0.198999 32
0.332995 42
0.368025 68
0.154931 196
0.709194 122
0.183795 147
0.345006 68
0.160988 196
0.181915 57
0.216153 84
0.239924 55
0.199925 48
0.345061 56
0.321279 61
0.327092 57
0.162099 130
0.472964 44
0.580410 48
0.200811 56
0.174698 61
0.200746 57
0.175670 131
0.665740 45
0.174963 55
0.631673 39
0.424145 14
0.273142 5
0.215531 46
0.198917 34
0.703707 49
0.351654 53
0.424123 39
0.672639 34
0.177296 49
0.367567 56
1.255525 66
1.007499 37
0.407487 62
0.648293 54
0.783458 42
0.231876 53
0.856551 48
0.217835 51
0.576538 47
1.181988 51
0.159587 6
0.479611 42
0.177054 49
0.158742 66
0.345031 50
0.215967 47
1.114248 51
0.388974 53
0.215967 42
0.367694 46
0.154484 110
0.177839 378
0.199782 12
0.179838 15
0.160938 6
0.137669 119
0.160927 156
0.197500 42
0.159236 251
0.143828 124
0.144021 48
0.200002 61
0.178985 25
0.180980 36
0.176170 43
0.215781 61
0.194742 57
0.294826 61
0.198433 40
0.176363 138
0.177993 61
0.216186 57
0.181951 61
0.154984 25
0.205088 89
0.179243 25
0.199847 121
0.197145 30
0.656183 35
0.215510 52
0.175476 22
0.386017 25
0.158928 121
0.391667 30
0.519913 52
1.689599 11
0.044370 74
0.001445 106
2.800698 23
0.256892 1
0.511504 1
0.031796 1
0.030863 1
0.030503 1
0.033584 1
0.031579 1
0.032723 1
0.031047 1
0.032967 1
0.030881 1
0.032767 1
0.045744 1
0.031265 1
0.031869 1
0.033166 1
0.031014 1
0.050750 1
0.016307 1
0.031584 1
0.023952 1
0.032687 1
0.047792 1
0.030853 1
0.032413 1
0.032506 1
0.032553 1
0.031337 1
0.224804 5
0.079623 1
0.499446 5
0.176208 5
0.164788 5
0.120959 5
0.367164 11
0.317972 106
2.410271 28
0.442464 97
0.782931 66
0.975185 47
0.726807 11
0.058522 106
157.014254 35
1.039561 63
0.047028 8
0.000213 67
0.000933 58
0.000384 41
0.000684 623
0.000318 350
0.000454 636
11.645189 22
0.025739 22
0.033986 22
0.550154 21
0.021913 21
0.023999 21
0.710655 22
0.013971 22
0.016022 22
0.007431 18
0.000110 4
0.197966 18
0.000139 4
0.012380 22
0.010004 22
0.005883 23
0.010205 23
0.185239 23
0.014006 23
0.010568 23
0.011595 23
0.176466 26
0.000098 5
0.014659 23
0.007075 23
0.009624 23
0.177924 23
0.019931 23
0.010030 23
0.010290 23
0.175879 23
0.024740 23
0.007229 23
0.010610 23
0.007367 18
0.000136 42
0.205721 18
0.000143 49
0.013986 139
0.011906 18
0.000117 16
0.000161 103
0.006112 139
0.013745 141
0.393912 21
0.038025 21
0.220945 21
0.061023 21
0.200142 21
0.041839 21
0.868203 23
5.308390 23
0.221378 21
0.217247 19
0.510105 19
0.030898 19
0.032022 19
0.031305 19
0.031878 19
0.032999 19
0.031116 19
0.031315 19
0.046011 19
1.324798 35
0.000536 43
2.350976 6
0.000529 34
3.113260 458
0.438658 6
0.011392 45
0.004085 540
1.137608 72
0.007025 106
4.682726 38
1.799372 69
0.064402 106
3.792014 22
0.877214 37
0.036432 25
0.002719 20
0.000117 27
2.672793 1
0.135423 1
0.235121 1
0.124624 1
0.280181 1
0.336927 1
0.308340 1
0.347628 1
1.746501 2
0.000318 38
0.000158 57
0.000164 34
0.000060 9
4.062876 2
0.077661 62
0.000388 64
0.000769 13
7.399315 1
0.176994 1
0.105349 1
0.198228 1
0.238116 11
0.001548 106
1.368124 13
1.001105 11
0.023569 25
0.002591 20
0.000191 27
1.995746 1
0.082261 1
0.237990 1
0.102995 1
0.247884 1
0.194950 1
0.277232 1
0.444064 1
7.704399 2
0.000263 38
0.000186 57
0.000187 43
6.795734 2
0.050021 62
0.000694 64
0.000569 13
95.638905 1
0.158458 1
0.139116 1
0.146601 1
0.176873 11
0.001423 106
0.917088 48
0.619809 153
0.012048 8
0.000115 67
0.000828 56
0.000342 360
0.000128 280
7.751536 6
0.000239 65
0.002597 106
92.407202 39
1.412875 1
0.505778 1
0.031109 1
0.032459 1
0.030825 1
0.912404 15
0.143403 15
3.971618 15
0.272283 15
0.157506 15
0.366700 15
0.295659 15
0.876949 11
0.102511 11
0.180856 11
0.255807 11
0.197894 11
0.077175 11
0.236814 11
0.215971 11
0.176077 11
0.504264 3
0.138451 3
0.188732 3
0.104926 3
0.083427 3
0.123958 1
0.404697 4
0.144375 4
0.138993 4
0.216239 4
11.104844 1
0.199117 1
0.234338 1
0.180531 1
0.283315 1
0.293775 1
0.137106 1
0.104399 1
0.163520 1
0.101571 1
0.728477 11
0.012385 8
0.000123 67
0.000311 58
0.010246 40
0.000477 511
0.000010 112
0.000307 143
0.000199 390
1.867428 22
0.035921 22
0.022165 22
0.293932 22
0.022137 22
1.416424 21
0.021400 21
0.036296 21
0.179833 21
0.316803 22
0.800681 19
0.160486 19
0.508692 18
0.000163 1
0.029793 19
0.032774 19
0.031472 19
0.030900 19
0.033828 19
0.045897 18
0.000165 1
0.030555 34
0.032428 19
0.031764 19
0.031915 19
0.030751 19
0.031879 19
0.140178 21
1.677556 35
0.000786 22
0.310387 21
0.179900 23
0.253771 21
1.750068 22
0.255200 23
0.256551 25
0.120878 23
0.310640 25
0.560028 22
0.232846 25
0.560313 22
0.538224 6
0.000251 38
0.181003 6
0.000168 40
0.423393 21
0.672020 49
1.067456 22
0.428883 19
0.199609 19
0.178142 19
0.221962 19
5.669580 6
0.000476 74
0.000098 56
2.932423 23
0.312058 25
0.032270 24
0.053896 26
0.202919 26
0.006023 25
0.028309 24
0.023555 26
0.189350 18
0.000058 7
0.017881 24
0.015996 26
0.312184 26
0.013845 25
0.011989 24
0.009607 26
0.219932 26
0.015960 25
0.016116 25
0.009868 24
0.204015 26
0.014058 59
0.016197 61
0.013894 51
0.207920 18
0.000136 32
0.019941 18
0.000138 79
0.027841 18
0.000211 43
0.259972 18
0.000026 33
0.015649 50
0.008077 18
0.000120 53
0.014941 18
0.000110 43
0.012781 18
0.000144 33
0.215890 18
0.000148 32
0.010292 18
0.000118 16
0.000131 45
0.010846 18
0.000109 71
0.006918 50
0.012100 6
0.000108 28
0.000154 64
0.189696 18
0.000152 60
0.013896 18
0.000071 72
0.009855 118
0.007650 96
0.184899 35
0.000116 16
0.021264 18
0.000086 32
0.009988 61
0.009952 18
0.000095 72
0.011266 18
0.000105 32
0.199974 18
0.000184 80
0.012015 18
0.000107 60
0.013639 18
0.000091 72
0.199896 18
0.000146 100
0.022079 18
0.000103 78
0.285904 50
0.028161 88
0.013816 88
0.268306 50
0.015532 34
0.000117 38
0.024194 50
0.221839 101
0.025985 109
0.260054 126
0.024471 50
0.019824 34
0.000544 74
0.226832 6
0.001365 80
0.017132 69
0.219963 26
0.011675 25
0.017927 22
0.022299 26
0.195753 21
0.018010 21
0.036194 22
0.147912 18
0.000121 8
0.027860 22
0.165803 26
0.024416 22
0.035672 22
1.634182 18
0.000096 8
0.248384 21
0.239352 21
9.000580 458
0.332948 6
0.011385 42
0.003780 519
0.000112 20
0.738938 72
0.002544 106
6.142569 22
0.964691 37
0.027866 326
0.002114 106
307.600737 38
0.802027 60
0.000260 9
0.090469 106
2.772633 22
0.583619 37
0.038225 25
0.003535 20
0.000103 27
2.195042 1
0.110221 1
0.229767 1
0.143234 1
0.163226 1
0.332655 1
0.239594 1
0.210286 1
0.199839 2
0.000257 38
0.000141 57
0.000181 34
0.000094 9
4.833373 2
0.067280 62
0.000651 64
0.001269 13
13.169202 1
0.137114 1
0.158322 1
0.182559 1
0.423324 11
0.001529 106
0.870911 13
0.239786 42
0.240665 37
0.575448 48
1.200072 36
0.539196 121
0.949759 42
1.111759 49
1.015350 43
1.394864 25
0.728167 29
0.276352 11
0.090723 146
0.002610 106
7.175119 27
0.236626 45
0.680013 42
1.936289 37
0.426779 48
0.670718 36
0.345355 121
0.188693 42
1.048596 49
0.593527 43
0.830674 25
0.974527 11
0.297469 106
0.713133 28
0.541781 29
0.767562 11
0.044512 146
0.002986 106
90.448650 35
1.266322 63
0.032993 8
0.000116 67
0.000239 58
0.000132 41
0.000522 360
0.000097 263
0.000393 465
0.000128 509
0.000102 12
1.030648 22
0.035839 22
0.029938 22
0.203612 22
0.013948 22
0.016903 22
0.011230 22
0.189971 23
0.016576 23
0.013270 23
0.008359 23
0.187615 23
0.012682 23
0.012102 23
0.006131 23
0.201288 18
0.000131 5
0.011784 23
0.013871 23
0.009987 23
0.152475 31
0.014091 23
0.013455 23
0.266070 23
0.015869 23
0.012510 23
0.028046 18
0.000156 16
0.000144 26
0.183358 72
0.019786 18
0.000179 49
0.233889 139
0.025974 18
0.000132 119
0.015821 18
0.000229 121
0.287891 21
0.017906 21
0.029935 21
0.200434 21
0.059582 21
0.252014 23
0.021964 23
0.432281 18
0.000073 3
0.764876 19
0.501132 19
0.031645 19
0.046508 19
0.032576 19
0.030787 19
0.032991 19
0.030229 19
0.033201 19
0.030220 19
0.032684 19
0.033439 19
0.030819 19
0.033464 19
0.031469 19
0.031566 19
0.048471 19
0.035551 19
0.032743 19
0.191353 18
0.000120 1
0.176754 19
0.728659 19
0.367256 6
0.000200 29
0.000294 22
0.507210 21
0.029539 21
0.035161 21
0.027250 21
0.032971 21
0.047497 21
0.030688 21
0.031434 21
0.030830 21
0.175303 21
0.503331 18
0.000030 3
0.030554 21
0.031249 21
0.047375 21
0.032016 21
0.031801 6
0.000161 15
0.031827 21
0.232769 6
0.000103 15
0.121643 18
0.000133 3
0.260030 21
0.312568 6
0.000112 16
0.368328 6
0.000234 141
1.080403 458
0.278314 6
0.000338 45
0.014252 37
0.000174 503
0.633870 6
0.000114 58
0.000139 8
0.002313 106
1.261819 26
0.193803 43
0.823488 47
0.688508 11
0.012278 8
0.000108 67
0.000330 58
0.000122 41
0.000478 511
0.000127 112
0.000265 544
0.000010 381
0.000163 61
1.583865 6
0.000485 65
0.001868 106
0.260569 26
0.160195 43
0.154629 25
0.141475 29
0.777063 25
0.632024 29
0.104505 45
0.598630 40
0.160554 25
0.424111 29
0.783138 25
0.521892 29
0.206516 47
0.647924 43
0.139170 25
0.423349 29
0.254243 45
0.497540 42
0.974502 11
0.061100 106
5.034349 29
0.255374 49
0.207984 43
0.344527 25
0.328191 29
0.354262 45
0.692712 11
0.022842 25
0.002591 20
0.000121 27
2.193576 1
0.084934 1
0.235580 1
0.141159 1
0.225956 1
0.257851 1
0.276594 1
0.279569 1
2.167232 2
0.000240 38
0.000170 57
0.000171 34
0.000106 9
3.263946 2
0.050411 23
0.000124 67
0.000555 13
5.686279 1
0.160402 1
0.689280 1
0.310814 1
0.161061 1
0.726674 11
0.000117 45
0.000150 5
5.510180 1
0.082041 1
0.199840 1
0.840701 1
0.503442 1
0.159614 1
0.181852 1
0.328628 1
0.382916 11
0.000230 46
3.034534 1
0.103676 1
8.823054 1
0.175023 1
2.865381 1
0.159240 1
0.199693 1
0.138001 1
1.223926 1
0.405188 11
0.000237 41
0.000155 5
1.272146 9
1.671764 1
0.483832 7
0.165037 7
0.385481 7
0.389910 7
0.938688 3
0.165465 3
0.201014 3
0.633499 3
0.236853 11
0.000242 46
4.996684 1
0.196052 1
1.208851 1
0.159239 1
0.175697 11
0.000262 14
0.001485 106
18.617906 34
1.332177 61
0.023486 106
4.813018 152
2.355507 241
0.026402 2
0.000106 19
0.000241 7
0.000359 10
0.000058 9
0.000256 6
0.000008 2
0.000165 5
0.000107 3
0.000052 5
0.000174 6
0.000183 8
0.000114 10
0.000183 9
0.000228 15
0.000104 18
0.000206 29
0.000150 21
0.000024 4
0.000064 3
0.000117 9
0.000144 25
0.000106 10
0.000110 4
0.000211 6
0.000132 8
0.000508 1
0.000143 1
0.000214 13
0.000297 10
0.000099 5
0.000247 4
0.000115 3
0.000156 9
0.000175 1
0.000114 4
0.000222 1
0.000237 1
0.000229 1
0.000248 1
0.000290 1
0.000561 1
0.000324 1
0.000192 1
0.000329 1
0.000299 1
0.000184 1
0.000352 1
0.000311 1
0.000265 1
0.000313 1
0.000208 1
0.000257 1
0.000314 1
0.000273 1
0.000303 1
0.000327 1
0.000197 1
0.000258 1
0.000264 1
0.000349 1
0.000252 1
0.000195 1
0.000245 1
0.000274 1
0.000180 1
0.000181 1
0.000168 1
0.000149 1
0.000191 1
0.000091 1
0.000170 1
0.000289 1
0.000190 1
0.000108 1
0.000167 1
0.000155 1
0.000156 1
0.000161 1
0.000353 1
0.000164 1
0.000120 1
0.000164 1
0.000172 1
0.000166 1
0.000154 1
0.000170 1
0.000229 1
0.000155 1
0.000163 1
0.000167 1
0.000154 1
0.000181 1
0.000240 1
0.000171 1
0.000155 1
0.000167 1
0.000163 1
0.000126 1
0.000163 1
0.000318 1
0.000252 1
0.000182 1
0.000176 1
0.000195 1
0.000180 1
0.000103 1
0.000318 1
0.000171 1
0.000257 1
0.000165 1
0.000120 1
0.000222 1
0.000293 1
0.000103 1
0.000155 1
0.000200 1
0.000182 1
0.000180 1
0.000157 1
0.000125 1
0.000161 1
0.000153 1
0.000163 1
0.000168 1
0.000278 1
0.000163 1
0.000124 1
0.000163 1
0.000162 1
0.000123 1
0.000166 1
0.000285 1
0.000165 1
0.000127 1
0.000175 1
0.000169 1
0.000153 1
0.000170 1
0.000117 1
0.000210 1
0.000178 1
0.000069 1
0.000165 1
0.000175 1
0.000245 1
0.000165 1
0.000286 1
0.000176 1
0.000140 1
0.000267 1
0.000178 1
0.000132 1
0.000178 1
0.000267 1
0.000176 1
0.000156 1
0.000154 1
0.000163 1
0.000132 1
0.000187 1
0.000075 1
0.000322 1
0.000183 1
0.000178 1
0.000236 1
0.000188 1
0.000333 1
0.000174 1
0.000183 1
0.000164 1
0.000155 1
0.000155 1
0.000163 1
0.000116 1
0.000172 1
0.000288 1
0.000202 1
0.000115 1
0.000277 1
0.000180 1
0.000244 1
0.000165 1
0.000151 1
0.000182 1
0.000070 1
0.000174 1
0.000163 1
0.000165 1
0.000157 1
0.000248 1
0.000179 1
0.000299 1
0.000194 1
0.000078 1
0.000191 1
0.000172 1
0.000122 1
0.000180 1
0.000183 1
0.000145 1
0.000265 1
0.000180 1
0.000236 1
0.000206 1
0.000077 1
0.000310 1
0.000074 1
0.000149 1
0.000165 1
0.000165 1
0.000169 1
0.000171 1
0.000154 1
0.000170 1
0.000149 1
0.000274 1
0.000210 1
0.000051 1
0.000184 1
0.000184 1
0.000092 1
0.000277 1
0.000168 1
0.000167 1
0.000148 1
0.000154 1
0.000156 1
0.000173 1
0.000142 1
0.000213 1
0.000083 1
0.000155 1
0.000169 1
0.000129 1
0.000164 1
0.000180 1
0.000096 1
0.000196 1
0.000094 1
0.000183 1
0.000248 1
0.000161 1
0.000131 1
0.000168 1
0.000146 1
0.000268 1
0.000177 1
0.000144 1
0.000182 1
0.000236 1
0.000165 1
0.000129 1
0.000180 1
0.000254 1
0.000166 1
0.000132 1
0.000159 1
0.000361 1
0.000299 1
0.000174 1
0.000079 1
0.000188 1
0.000159 1
0.000135 1
0.000162 1
0.000130 1
0.000171 1
0.000123 1
0.000184 1
0.000148 1
0.000164 1
0.000153 1
0.000146 1
0.000172 1
0.000153 1
0.000141 1
0.000174 1
0.000162 1
0.000131 1
0.000165 1
0.000124 1
0.000176 1
0.000162 1
0.000259 1
0.000180 1
0.000264 1
0.000165 1
0.000127 1
0.000335 1
0.000099 1
0.000222 1
0.000191 1
0.000299 1
0.000212 1
0.000166 1
0.000243 1
0.000324 1
0.000166 1
0.000204 1
0.000219 1
0.000316 1
0.000399 2
0.000219 1
0.000280 1
0.000185 1
0.000180 1
0.000205 1
0.000235 1
0.000163 1
0.000226 1
0.000172 1
0.000165 1
0.000202 1
0.000210 1
0.000231 1
0.000192 1
0.000212 1
0.000218 1
0.000174 1
0.000276 1
0.000169 1
0.000155 1
0.000224 1
0.000212 1
0.000322 1
0.000180 1
0.000175 1
0.000171 1
0.000172 1
0.000232 1
0.000154 1
0.000229 1
0.000177 1
0.000173 1
0.000304 1
0.000321 1
0.000306 1
0.000167 1
0.000286 1
0.000184 1
0.000178 1
0.000164 1
0.000191 1
0.000167 1
0.000210 1
0.000213 1
0.000286 1
0.000172 1
0.000161 1
0.000328 1
0.000156 1
0.000338 1
0.000277 1
0.000272 1
0.000268 1
0.000274 1
0.000272 1
0.000267 1
0.000268 1
0.000282 1
0.000274 1
0.000275 1
0.000377 1
0.000299 1
0.000270 1
0.000339 1
0.000291 1
0.000273 1
0.000274 1
0.000280 1
0.000293 1
0.000276 1
0.000376 1
0.000240 1
0.000262 1
0.000277 1
0.000287 1
0.000269 1
0.000265 1
0.000290 1
0.000275 1
0.000267 1
0.000272 1
0.000277 1
0.000270 1
0.000274 1
0.000268 1
0.000269 1
0.000281 1
0.000273 1
0.000271 1
0.000269 1
0.000266 1
0.000269 1
0.000276 1
0.000311 1
0.000356 1
0.000286 1
0.000263 1
0.000271 1
0.000280 1
0.000280 1
0.000278 1
0.000268 1
0.000268 1
0.000271 1
0.000270 1
0.000267 1
0.000313 1
0.000277 1
0.000273 1
0.000268 1
0.000291 1
0.000251 1
0.000316 16
0.000109 23
0.000114 9
0.000027 4
0.000160 19
0.000081 9
0.000226 17
0.000031 16
0.000036 4
0.000025 2
0.000249 7
0.000064 6
0.000008 5
0.000101 1
0.000123 4
0.000137 15
0.000119 2
0.000338 12
0.000272 7
0.000053 1
0.000196 15
0.000130 17
0.000208 6
0.000098 12
0.000118 4
0.000113 7
0.000128 4
0.000221 19
0.000032 1
0.000248 11
0.000066 1
0.000107 7
0.000189 6
0.000063 4
0.000124 1
0.000174 1
0.000208 1
0.000226 1
0.000251 1
0.000309 1
0.000172 1
0.000178 1
0.000333 1
0.000268 1
0.000234 1
0.000202 1
0.000176 1
0.000193 1
0.000203 1
0.000165 1
0.000192 1
0.000180 1
0.000199 1
0.000304 1
0.000168 1
0.000166 1
0.000210 1
0.000195 1
0.000286 1
0.000172 1
0.000213 1
0.000286 1
0.000230 1
0.000178 1
0.000165 1
0.000247 1
0.000468 1
0.000177 1
0.000206 1
0.000169 1
0.000172 1
0.000224 1
0.000176 1
0.000164 1
0.000221 1
0.000176 1
0.000164 1
0.000224 1
0.000175 1
0.000166 1
0.000204 1
0.000319 1
0.000159 1
0.000192 1
0.000191 1
0.000314 1
0.000178 1
0.000167 1
0.000171 1
0.000238 1
0.000294 1
0.000180 1
0.000171 1
0.000196 1
0.000193 1
0.000193 1
0.000193 1
0.000201 1
0.000176 1
0.000171 1
0.000195 1
0.000236 1
0.000338 1
0.000222 1
0.000192 1
0.000175 1
0.000293 1
0.000274 1
0.000179 1
0.000214 1
0.000148 1
0.000317 1
0.000222 1
0.000184 1
0.000215 1
0.000220 1
0.000259 1
0.000186 1
0.000303 1
0.000166 1
0.000209 1
0.000192 1
0.000156 1
0.000222 1
0.000168 1
0.000312 1
0.000178 1
0.000167 1
0.000199 1
0.000169 1
0.000224 1
0.000287 1
0.000187 1
0.000173 1
0.000180 1
0.000279 1
0.000183 1
0.000219 1
0.000170 1
0.000201 1
0.000180 1
0.000388 1
0.000207 1
0.000196 1
0.000224 1
0.000170 1
0.000165 1
0.000161 1
0.000136 1
0.000165 1
0.000143 1
0.000173 1
0.000293 1
0.000185 1
0.000097 1
0.000175 1
0.000127 1
0.000202 1
0.000089 1
0.000322 1
0.000161 1
0.000130 1
0.000179 1
0.000245 1
0.000169 1
0.000159 1
0.000171 1
0.000242 1
0.000168 1
0.000127 1
0.000168 1
0.000128 1
0.000159 1
0.000173 1
0.000154 1
0.000187 1
0.000112 1
0.000154 1
0.000185 1
0.000078 1
0.000300 1
0.000189 1
0.000176 1
0.000235 1
0.000171 1
0.000118 1
0.000357 2
0.000219 1
0.000271 1
0.000208 1
0.000168 1
0.000152 1
0.000307 1
0.000162 1
0.000185 1
0.000171 1
0.000154 1
0.000155 1
0.000174 1
0.000255 1
0.000186 1
0.000292 1
0.000222 2
0.000255 1
0.000179 1
0.000073 1
0.000176 1
0.000172 1
0.000156 1
0.000161 1
0.000291 1
0.000167 1
0.000128 1
0.000168 1
0.000119 1
0.000171 1
0.000276 1
0.000175 1
0.000103 1
0.000170 1
0.000181 1
0.000230 1
0.000198 1
0.000144 1
0.000256 1
0.000168 1
0.000174 1
0.000348 1
0.000171 1
0.000128 1
0.000169 1
0.000152 1
0.000262 1
0.000177 1
0.000131 1
0.000176 1
0.000230 1
0.000167 1
0.000168 1
0.000155 1
0.000164 1
0.000168 1
0.000256 1
0.000180 1
0.000083 1
0.000212 1
0.000181 1
0.000233 1
0.000168 1
0.000166 1
0.000133 1
0.000160 1
0.000135 1
0.000183 1
0.000095 1
0.000178 1
0.000160 1
0.000255 1
0.000191 1
0.000071 1
0.000180 1
0.000169 1
0.000185 1
0.000240 1
0.000185 1
0.000237 1
0.000161 1
0.000121 1
0.000167 1
0.000167 1
0.000129 1
0.000281 1
0.000163 1
0.000166 1
0.000145 1
0.000162 1
0.000125 1
0.000186 1
0.000225 1
0.000188 1
0.000189 1
0.000300 1
0.000227 1
0.000219 1
0.000170 1
0.000251 1
0.000118 1
0.000105 1
0.000190 1
0.000250 1
0.000269 1
0.000110 1
0.000124 1
0.000294 1
0.000173 1
0.000185 1
0.000075 1
0.000298 1
0.000171 1
0.000197 1
0.000074 1
0.000196 1
0.000267 1
0.000181 1
0.000098 1
0.000236 1
0.000104 1
0.000103 1
0.000179 1
0.000172 1
0.000148 1
0.000187 1
0.000319 1
0.000183 1
0.000093 1
0.000166 1
0.000168 1
0.000147 1
0.000161 1
0.000153 1
0.000155 1
0.000156 1
0.000156 1
0.000150 1
0.000183 1
0.000229 1
0.000166 1
0.000130 1
0.000178 1
0.000248 1
0.000179 1
0.000114 1
0.000268 1
0.000157 1
0.000179 1
0.000145 1
0.000153 1
0.000153 1
0.000176 1
0.000148 1
0.000156 1
0.000149 1
0.000162 1
0.000126 1
0.000169 1
0.000123 1
0.000163 1
0.000160 1
0.000293 1
0.000161 1
0.000129 1
0.000214 1
0.000072 1
0.000157 1
0.000170 1
0.000176 1
0.000241 1
0.000169 1
0.000152 1
0.000172 1
0.000273 1
0.000174 1
0.000087 1
0.000297 1
0.000163 1
0.000126 1
0.000165 1
0.000142 1
0.000181 1
0.000158 1
0.000242 1
0.000312 2
0.000273 1
0.000181 1
0.000164 1
0.000130 1
0.000296 1
0.000165 1
0.000128 1
0.000161 1
0.000308 1
0.000157 1
0.000322 1
0.000150 1
0.000207 1
0.000083 1
0.000158 1
0.000247 1
0.000091 1
0.000165 1
0.000087 1
0.000266 1
0.000104 1
0.000151 1
0.000174 1
0.000249 1
0.000160 1
0.000125 1
0.000179 1
0.000122 1
0.000155 1
0.000172 1
0.000199 1
0.000191 1
0.000354 1
0.000258 1
0.000384 1
0.000269 1
0.000299 1
0.000283 1
0.000290 1
0.000187 1
0.000191 1
0.000097 1
0.000192 1
0.000262 1
0.000154 1
0.000169 1
0.000122 1
0.000165 1
0.000130 1
0.000209 1
0.000163 1
0.000126 1
0.000163 1
0.000160 1
0.000261 1
0.000162 1
0.000105 1
0.000165 1
0.000162 1
0.000136 1
0.000170 1
0.000147 1
0.000155 1
0.000151 1
0.000164 1
0.000121 1
0.000176 1
0.000168 1
0.000084 1
0.000173 1
0.000181 1
0.000097 1
0.000296 1
0.000174 1
0.000155 1
0.000164 1
0.000261 1
0.000166 1
0.000124 1
0.000160 1
0.000100 1
0.000173 1
0.000169 1
0.000093 1
0.000173 1
0.000166 1
0.000169 1
0.000277 1
0.000166 1
0.000158 1
0.000254 1
0.000216 1
0.000366 1
0.000203 1
0.000214 1
0.000146 1
0.000207 1
0.000276 1
0.000180 1
0.000113 1
0.000169 1
0.000270 1
0.000174 1
0.000326 1
0.000139 1
0.000205 1
0.000172 1
0.000190 1
0.000211 1
0.000159 1
0.000236 1
0.000183 1
0.000292 1
0.000222 1
0.000209 1
0.000163 1
0.000205 1
0.000175 1
0.000196 1
0.000185 1
0.000162 1
0.000224 1
0.000295 1
0.000181 1
0.000169 1
0.000177 1
0.000288 1
0.000176 1
0.000164 1
0.000310 1
0.000174 1
0.000161 1
0.000215 1
0.000196 1
0.000157 1
0.000256 1
0.000278 1
0.000164 1
0.000313 1
0.000175 1
0.000177 1
0.000165 1
0.000215 1
0.000183 1
0.000207 1
0.000267 1
0.000161 1
0.000222 1
0.000268 1
0.000179 1
0.000159 1
0.000219 1
0.000160 1
0.000245 1
0.000174 1
0.000167 1
0.000172 1
0.000165 1
0.000200 1
0.000197 1
0.000176 1
0.000197 1
0.000294 1
0.000186 1
0.000167 1
0.000168 1
0.000225 1
0.000171 1
0.000210 1
0.000176 1
0.000171 1
0.000331 1
0.000269 1
0.000335 1
0.000234 1
0.000176 1
0.000181 1
0.000273 1
0.000179 1
0.000182 1
0.000232 1
0.000153 1
0.000218 1
0.000182 1
0.000210 1
0.000174 1
0.000350 1
0.000133 1
0.000348 1
0.000270 1
0.000261 1
0.000286 1
0.000328 1
0.000271 1
0.000233 1
0.000377 1
0.000191 1
0.000310 1
0.000181 1
0.000150 1
0.000144 1
0.000163 1
0.000126 1
0.000162 1
0.000146 1
0.000162 1
0.000185 1
0.000224 1
0.000175 1
0.000075 1
0.000205 1
0.000308 1
0.000187 1
0.000077 1
0.000154 1
0.000155 1
0.000161 1
0.000175 1
0.000262 1
0.000164 1
0.000165 1
0.000099 1
0.000164 1
0.000159 1
0.000163 1
0.000163 1
0.000125 1
0.000177 1
0.000088 1
0.000162 1
0.000162 1
0.000282 1
0.000174 1
0.000147 1
0.000284 1
0.000261 1
0.000256 2
0.000226 1
0.000162 1
0.000152 1
0.000153 1
0.000163 1
0.000269 1
0.000202 1
0.000103 1
0.000225 1
0.000260 1
0.000160 1
0.000132 1
0.000171 1
0.000243 1
0.000164 1
0.000127 1
0.000164 1
0.000158 1
0.000166 1
0.000170 1
0.000209 1
0.000210 1
0.000281 1
0.000291 1
0.000207 1
0.000098 1
0.000174 1
0.000177 1
0.000177 1
0.000139 1
0.000168 1
0.000163 1
0.000256 1
0.000164 1
0.000283 1
0.000214 1
0.000296 1
0.000245 1
0.000224 1
0.000234 1
0.000185 1
0.000167 1
0.000235 1
0.000163 1
0.000215 1
0.000172 1
0.000322 1
0.000184 1
0.000271 1
0.000174 1
0.000214 1
0.000325 1
0.000175 1
0.000164 1
0.000227 1
0.000326 1
0.000169 1
0.000168 1
0.000227 1
0.000285 1
0.000173 1
0.000319 1
0.000177 1
0.000159 1
0.000217 1
0.000187 1
0.000203 1
0.000168 1
0.000197 1
0.000170 1
0.000202 1
0.000165 1
0.000223 1
0.000172 1
0.000203 1
0.000195 1
0.000338 1
0.000184 1
0.000172 1
0.000158 1
0.000236 1
0.000285 1
0.000183 1
0.000175 1
0.000164 1
0.000230 1
0.000175 1
0.000309 1
0.000179 1
0.000454 1
0.000034 1
0.000174 1
0.000156 1
0.000244 1
0.000162 1
0.000244 1
0.000283 1
0.000199 1
0.000168 1
0.000306 1
0.000223 1
0.000434 1
0.000096 1
0.000322 1
0.000170 1
0.000249 1
0.000173 1
0.000473 1
0.000177 1
0.000221 1
0.000238 1
0.000220 1
0.000191 1
0.000178 1
0.000195 1
0.000200 1
0.000192 1
0.000192 1
0.000163 1
0.000168 1
0.000275 1
0.000164 1
0.000125 1
0.000163 1
0.000153 1
0.000173 1
0.000255 1
0.000173 1
0.000116 1
0.000163 1
0.000123 1
0.000159 1
0.000114 1
0.000184 1
0.000168 1
0.000161 1
0.000254 1
0.000177 1
0.000256 1
0.000161 1
0.000135 1
0.000168 1
0.000148 1
0.000155 1
0.000154 1
0.000165 1
0.000160 1
0.000118 1
0.000173 1
0.000114 1
0.000185 1
0.000070 1
0.000191 1
0.000191 1
0.000273 1
0.000152 1
0.000170 1
0.000171 1
0.000122 1
0.000166 1
0.000117 1
0.000173 1
0.000140 1
0.000281 1
0.000162 1
0.000129 1
0.000169 1
0.000116 1
0.000159 1
0.000125 1
0.000176 1
0.000287 1
0.000173 1
0.000103 1
0.000169 1
0.000161 1
0.000169 1
0.000175 1
0.000071 1
0.000180 1
0.000298 1
0.000174 1
0.000111 1
0.000162 1
0.000134 1
0.000168 1
0.000116 1
0.000175 1
0.000255 1
0.000183 1
0.000112 1
0.000298 1
0.000240 1
0.000296 1
0.000198 1
0.000243 1
0.000183 1
0.000199 1
0.000247 1
0.000179 1
0.000167 1
0.000153 1
0.000278 1
0.000263 1
0.000201 1
0.000166 1
0.000327 1
0.000178 1
0.000291 1
0.000153 1
0.000183 1
0.000221 1
0.000232 1
0.000202 1
0.000167 1
0.000286 1
0.000166 1
0.000222 1
0.000176 1
0.000169 1
0.000293 1
0.000175 1
0.000171 1
0.000197 1
0.000288 1
0.000161 1
0.000229 1
0.000178 1
0.000186 1
0.000156 1
0.000231 1
0.000173 1
0.000171 1
0.000206 1
0.000165 1
0.000235 1
0.000294 1
0.000179 1
0.000267 1
0.000304 1
0.000269 1
0.000270 1
0.000276 1
0.000283 1
0.000272 1
0.000273 1
0.000273 1
0.000291 1
0.000260 1
0.000268 1
0.000281 1
0.000282 1
0.000270 1
0.000272 1
0.000301 1
0.000268 1
0.000271 1
0.000286 1
0.000284 1
0.000270 1
0.000271 1
0.000270 1
0.000426 1
0.000562 1
0.000259 1
0.000337 1
0.000248 1
0.000238 1
0.000349 1
0.000283 1
0.000204 1
0.000305 1
0.000331 1
0.000233 1
0.000192 1
0.000280 1
0.000279 1
0.000273 1
0.000296 1
0.000254 1
0.000271 1
0.000326 1
0.000277 1
0.000288 1
0.000237 1
0.000298 1
0.000247 1
0.000282 1
0.000283 1
0.000249 1
0.000279 1
0.000266 1
0.000270 1
0.000271 1
0.000271 1
0.000266 1
0.000292 1
0.000277 1
0.000270 1
0.000275 1
0.000270 1
0.000269 3
0.014151 387
7.648140 1
0.349059 1
1.690061 50
2.703563 1
0.256102 1
0.352021 1
0.127924 1
0.290966 1
0.460415 30
2.193332 1
0.279784 1
0.192731 1
0.089190 1
0.117010 1
0.328750 2
0.000055 59
3.497202 1
0.327560 1
0.254788 1
0.161335 1
1.086342 2
0.000204 42
1.425371 1
0.159440 1
0.280645 1
0.154474 1
0.349358 1
0.687149 1
0.161058 1
0.098843 1
0.149050 1
0.177323 1
1.958624 2
0.000090 47
24.729310 1
0.205368 1
0.386119 1
0.177836 1
0.291816 1
1.978045 1
0.175650 1
0.182911 1
0.147633 1
0.140731 1
1.919785 19
7.663528 1
0.458929 1
0.309781 1
0.183833 1
0.193763 1
0.200842 1
0.102769 1
0.121140 1
0.156073 1
2.032889 1
0.160715 1
2.159330 3
0.743682 3
0.184435 6
0.984178 1
0.653793 3
1.056692 1
3.902291 1
0.119309 1
0.104016 1
0.121694 1
0.145074 1
0.134105 1
0.295609 1
2.536532 3
0.503621 3
0.031219 3
0.032455 3
0.030785 3
0.046648 3
0.031303 3
0.031839 3
0.032510 3
0.033388 3
0.032359 3
0.031036 3
0.031998 3
0.031176 3
0.031671 3
0.032049 3
0.030411 3
0.172374 3
0.199939 3
1.544145 1
0.104642 1
0.159954 1
0.104078 1
0.279863 1
0.800021 1
0.162730 1
0.101945 1
0.238965 1
0.346627 2
0.016206 106
14.062297 56
1.105761 161
0.012160 75
0.000764 58
0.000248 40
0.000790 146
0.000104 477
0.000360 166
0.000199 358
0.000102 69
8.990237 71
0.002202 106
3.094585 22
0.897657 37
0.014963 66
0.000316 68
0.001814 8
0.000112 98
5.121087 36
0.978655 56
0.000066 9
0.050580 106
147.745670 36
0.898657 56
0.000309 9
0.052174 4095
0.000256 4095
0.000293 4095
0.000378 4095
0.000249 4095
0.000209 4095
0.000256 4095
0.000276 4095
0.000222 4095
0.000278 4095
0.000288 4095
0.000264 4095
0.000263 4095
0.000234 4095
0.000212 4095
0.000231 4095
0.000214 4095
0.000219 4095
0.000199 1378
0.001767 106
21.101965 35
1.171128 63
0.008817 2076
0.000470 6144
0.000267 4095
0.000258 4095
0.000280 4095
0.000452 4095
0.000310 4095
0.000247 4095
0.000301 4095
0.000273 4095
0.000292 4095
0.000316 4095
0.000390 4095
0.000289 4095
0.000289 4095
0.000291 4095
0.000262 4095
0.000263 4095
0.000029 1348
0.000986 106
3.149610 31
0.791314 55
0.001434 57
0.000419 106
162.420439 22
0.576451 48
0.600020 29
0.631217 54
0.311814 35
0.497515 30
1.032086 11
0.090330 106
36.900161 27
0.711955 53
0.304816 48
1.655116 29
1.200230 54
0.841898 54
1.430007 11
0.017582 4095
0.000292 4095
0.000260 4095
0.000222 4095
0.000270 4095
0.000223 4095
0.000237 4095
0.000224 4095
0.000227 4095
0.000219 4095
0.000241 4095
0.000312 4095
0.000247 4095
0.000237 4095
0.000296 4095
0.000377 4095
0.000250 4095
0.000242 4095
0.000197 1378
0.000402 106
0.988562 27
1.316508 54
0.488716 53
2.503583 48
0.784194 11
0.009355 1479
0.000530 4095
0.000287 4095
0.000376 4095
0.000284 4095
0.000284 4095
0.000257 4095
0.000314 4095
0.000299 4095
0.000239 4095
0.000238 4095
0.000237 4095
0.000297 4095
0.000282 4095
0.000277 4095
0.000253 4095
0.000230 4095
0.000236 4095
0.000266 3994
0.000312 106
0.488615 26
0.256366 29
0.749228 54
0.770380 53
0.825376 11
0.001149 57
0.000492 106
3.541728 22
0.426596 1
0.501578 1
0.030679 1
0.047731 1
0.030104 1
0.031883 1
0.031014 1
0.032793 1
0.032499 1
0.031778 1
0.032207 1
0.029783 1
0.031493 1
0.032354 1
0.047221 1
0.032220 1
0.033719 1
0.030697 1
0.031194 1
0.031249 1
0.032307 1
0.030465 1
0.032315 1
0.030195 1
0.031440 1
0.033238 1
0.328741 45
0.159442 1
0.522627 47
0.278931 47
0.193979 47
0.141589 47
0.615600 11
0.008072 256
0.001479 106
419.624394 40
0.946577 64
0.000397 9
0.016423 4095
0.000270 4095
0.000255 4095
0.000249 4095
0.000238 4095
0.000255 4095
0.000249 4095
0.000238 4095
0.000235 4095
0.000205 4095
0.000231 4095
0.000231 4095
0.000225 4095
0.000238 4095
0.000271 4095
0.000215 4095
0.000225 4095
0.000209 4095
0.000192 1378
0.000683 106
10.255205 40
1.845133 63
0.374288 1
0.514294 1
0.031643 1
0.031408 1
0.034487 1
0.027897 1
0.199979 3
0.508113 3
0.029905 3
0.030607 3
0.031678 3
0.045400 3
0.032505 3
0.225081 1
0.688293 4
0.119631 4
0.080053 4
0.120967 4
1.136345 1
1.446911 1
0.224194 1
0.328768 1
0.690925 11
0.009566 25
0.000013 1
0.000064 26
0.000129 26
0.001351 106
373.829366 30
1.032629 44
0.000140 9
0.011194 118
0.000573 106
30.902617 33
1.254398 59
0.007180 30
4.935787 2
0.121014 1920
0.007597 106
295.967660 24
0.325344 47
0.256301 52
0.406751 8
0.648683 52
0.179385 53
0.238714 48
0.525555 29
0.304724 54
0.178411 53
0.649038 49
1.014822 54
0.367034 54
0.237699 53
0.657076 48
0.254728 29
0.223803 54
0.312969 35
0.159827 48
0.402130 51
0.502327 48
0.920198 11
0.052636 8
0.000275 54
0.000173 13
0.001699 58
0.000272 40
0.001000 623
0.000258 263
0.000102 7
0.000112 323
1.558862 22
0.224445 22
0.183516 22
0.234592 22
26.321925 21
0.259273 22
2.648773 21
1.105941 22
0.773507 21
1.239265 6
0.000216 29
0.001338 45
0.990785 6
0.000261 73
0.593028 6
0.000145 78
0.271103 21
0.617210 19
0.183222 6
0.000135 13
0.136895 6
0.000146 13
0.598412 19
6.500557 15
0.000244 60
2.795776 458
0.537134 6
0.011247 42
0.004176 70
0.000063 468
0.886665 6
0.000539 66
0.014723 106
5.309071 35
0.899533 54
0.000304 9
0.013064 8
0.000117 67
0.011201 58
0.000461 41
0.000566 146
0.000588 477
0.000035 986
2.786118 22
0.031415 22
0.382559 22
0.035359 22
0.024154 22
0.509929 18
0.000031 4
0.011826 22
0.012010 23
0.010064 23
0.204076 23
0.012426 23
0.013855 23
0.011631 23
0.314029 23
0.017937 23
0.021933 23
0.222737 23
0.019379 23
0.010064 23
0.012594 26
0.000178 5
0.013682 23
0.193545 23
0.010159 23
0.013860 23
0.270043 23
0.023838 6
0.000091 28
0.000128 26
0.011894 18
0.000117 49
0.020572 34
0.000181 105
1.355145 34
0.000161 103
0.020107 139
0.009716 34
0.000063 107
0.011966 49
0.000177 91
0.193853 74
0.020146 64
0.009686 18
0.000196 49
0.011797 18
0.000153 123
0.197967 34
0.000178 94
0.017647 18
0.000109 64
0.013209 67
0.227792 141
0.015007 18
0.000012 125
0.023863 18
0.000155 112
0.370147 89
0.030018 67
0.362163 6
0.000435 132
0.027240 18
0.000124 66
0.015799 18
0.000125 76
0.572813 67
0.025227 34
0.000128 104
0.279940 49
0.000152 47
0.025790 71
0.034798 67
0.199229 6
0.000204 126
0.027625 34
0.000108 98
0.205894 34
0.000168 98
0.036249 18
0.000339 57
0.017617 67
0.205719 18
0.000242 49
0.013741 18
0.000250 88
0.017768 68
0.017900 18
0.000173 49
0.205946 6
0.000112 132
0.015765 18
0.000111 56
0.015858 34
0.000140 33
0.015892 18
0.000173 122
0.196251 34
0.000174 96
0.015381 18
0.000200 62
0.017788 18
0.000107 66
0.017839 18
0.000103 71
0.203895 18
0.000114 31
0.000114 18
0.015864 18
0.000103 124
0.027823 18
0.000105 56
0.240390 49
0.000124 50
0.027371 18
0.000194 49
0.019903 49
0.000093 91
0.284040 34
0.000145 107
0.017917 89
0.016169 67
0.009787 34
0.000130 98
0.219884 34
0.000132 57
0.011841 67
0.012891 134
0.007118 94
0.188109 67
0.016482 34
0.000191 106
0.013843 131
0.010891 88
0.184472 67
0.010055 34
0.000149 107
0.009737 34
0.000137 102
0.010356 107
0.195655 88
0.016619 67
0.017680 141
0.010387 49
0.000150 94
0.204238 6
0.000823 12
0.000619 87
0.013922 141
0.017502 34
0.000128 101
0.187809 34
0.000157 107
0.022152 18
0.000136 59
0.011939 18
0.000123 103
0.011218 18
0.000179 72
0.197861 18
0.000130 74
0.020449 18
0.000203 49
0.009153 18
0.000171 98
0.013942 34
0.000109 73
0.017886 18
0.000160 49
0.196453 18
0.000144 125
0.009445 18
0.000112 92
0.012230 88
0.007798 34
0.000237 51
0.207768 34
0.000212 76
0.009852 18
0.000009 49
0.013667 18
0.000147 122
0.011897 18
0.000224 110
0.199872 34
0.000163 59
0.011615 18
0.000252 70
0.013997 34
0.000126 33
0.014488 18
0.000082 123
0.301179 18
0.000013 122
0.015891 18
0.000033 72
0.021926 49
0.000107 94
0.281959 18
0.000106 123
0.023816 18
0.000183 57
0.016165 89
0.223741 18
0.000172 67
0.023755 18
0.000119 89
0.020018 67
1.052254 34
0.000136 105
0.029710 140
0.017912 34
0.000142 109
0.029875 143
0.368267 34
0.000109 54
0.015378 18
0.000112 49
0.011886 18
0.000197 63
0.017842 18
0.000110 49
0.594169 18
0.000063 110
0.427833 18
0.000089 58
0.021682 18
0.000234 49
0.035783 34
0.000162 106
0.194296 34
0.000041 106
0.019488 18
0.000078 119
0.014315 75
0.025679 18
0.000169 71
0.197824 18
0.000103 49
0.025984 18
0.000180 109
0.018651 18
0.000219 55
0.923318 67
0.023789 140
0.026045 90
0.027872 18
0.000299 82
0.473831 34
0.000086 75
0.015554 34
0.000123 29
0.022028 49
0.021706 18
0.000220 49
0.268047 34
0.000108 95
0.023796 18
0.000161 68
0.027834 18
0.000118 31
1.381898 18
0.000038 3
0.017944 21
0.016036 21
0.178424 21
0.019605 21
0.037827 21
0.330218 23
1.230353 19
0.499525 19
0.049211 19
0.028799 19
0.045716 19
0.016005 19
0.032569 19
0.031008 19
0.031776 19
0.031009 19
0.031432 19
0.032553 19
0.337651 19
0.386874 6
0.000337 29
0.000149 22
0.332902 21
1.168059 19
0.290526 19
0.158904 19
3.615246 24
0.028463 25
0.249071 26
0.025692 23
0.024087 24
0.017862 18
0.218131 18
0.018023 18
0.021946 18
0.208101 18
0.021799 18
0.014396 18
0.025940 18
0.225932 18
0.024072 18
0.017749 18
0.772305 26
0.080553 21
0.053311 25
0.230930 22
2.052614 32
0.000889 36
0.000199 44
0.000117 14
0.000234 232
0.000524 1763
0.664909 26
0.022009 21
0.019821 21
0.015973 21
0.032014 21
0.187995 25
0.021472 26
0.028040 21
0.176076 25
0.015885 26
0.033974 26
0.145996 26
0.030292 21
2.373886 23
0.224006 26
0.039997 26
0.030545 25
0.179439 26
0.030002 23
0.227982 25
0.374139 26
0.015666 23
1.442245 23
10.369850 18
0.000141 3
0.021693 21
0.016023 25
0.027966 26
0.176345 18
0.000122 3
0.019539 25
0.030322 26
0.161776 26
0.017983 26
0.038426 21
3.171863 18
0.000125 3
0.019709 25
0.036124 25
0.184423 25
0.023358 25
0.175997 25
0.025988 25
0.178309 25
0.021703 6
0.000320 139
0.171991 18
0.000165 127
0.022536 18
0.000249 124
0.026739 18
0.000208 123
0.155705 18
0.000223 44
0.032033 109
0.057735 18
0.000283 67
0.141913 18
0.000587 73
0.021092 18
0.000277 52
2.119917 6
0.000162 12
0.000134 125
0.061601 18
0.000234 127
0.143926 18
0.000243 74
0.039579 18
0.000197 124
0.175819 18
0.000285 125
0.059647 18
0.000279 44
0.146047 18
0.000326 72
0.167841 6
0.000293 89
0.081921 18
0.000211 112
0.143267 6
0.000125 12
0.000203 124
0.049932 18
0.000225 44
0.141614 6
0.000143 12
0.000201 94
0.031548 18
0.000192 67
0.167819 18
0.000255 72
0.029888 18
0.000207 94
0.199609 18
0.000227 127
0.439749 18
0.000238 44
0.021690 6
0.000129 12
0.000223 91
0.045649 18
0.000214 100
5.085781 18
0.000102 4
0.039939 24
0.348205 25
0.037676 21
0.142034 22
0.042008 24
1.932350 25
0.045678 22
0.304045 22
0.033823 22
0.024202 22
0.272130 25
0.032969 26
0.266971 23
0.041993 23
0.359903 23
4.034189 21
0.043744 21
0.212396 21
0.023593 25
0.019916 25
0.210251 21
0.023693 21
0.214468 21
1.069822 21
0.030223 25
0.016309 18
0.000143 7
0.025154 21
0.178050 18
0.000264 44
0.023783 18
0.000151 76
0.023857 18
0.000143 74
0.161945 18
0.000521 105
0.023457 72
0.187969 18
0.000223 125
0.022148 18
0.000145 119
0.041482 18
0.000151 125
0.159782 18
0.000358 89
0.023739 18
0.000184 127
0.039762 18
0.001016 125
0.163911 62
0.026282 18
0.000113 72
0.192712 6
0.000136 12
0.000240 91
0.021392 18
0.000195 120
0.041791 18
0.000277 125
0.437319 62
0.034778 18
0.000159 72
0.045700 18
0.000146 115
0.169910 18
0.000146 124
0.029706 18
0.000255 44
0.235776 18
0.000146 78
0.033989 18
0.000205 118
0.194226 18
0.000142 44
1.139498 18
0.000262 75
0.019479 18
0.000188 116
0.017684 18
0.000258 44
0.055758 18
0.000208 73
0.195794 18
0.000222 125
0.035760 18
0.000213 124
0.215771 18
0.000222 44
0.056548 18
0.000224 83
0.203022 18
0.000212 51
0.047869 18
0.000159 126
0.189840 18
0.000329 44
0.039600 18
0.000240 73
0.200279 18
0.000160 65
0.065463 18
0.000217 57
0.185609 18
0.000222 114
0.221815 6
0.000115 12
0.000185 124
0.034397 62
0.207625 18
0.000283 58
0.039398 18
0.000204 122
0.217951 18
0.000199 44
0.821863 6
0.000039 12
0.000253 49
0.033484 18
0.000201 90
0.023854 18
0.000250 44
0.265934 18
0.000212 47
0.041525 18
0.000259 52
1.458081 6
0.000192 12
0.000126 116
0.037398 18
0.000244 116
0.019670 18
0.000231 116
0.019745 18
0.000439 44
0.113571 18
0.000213 53
0.155790 18
0.000236 80
0.027769 18
0.000210 122
0.213846 18
0.000251 44
0.031785 18
0.000195 78
0.223869 18
0.000229 65
0.029641 18
0.000237 122
0.052664 18
0.000191 44
0.192909 18
0.000203 73
0.075839 18
0.000229 114
0.206073 18
0.000092 127
0.031681 18
0.000252 125
0.237888 18
0.000170 44
0.031662 18
0.000167 61
0.231896 6
0.000136 12
0.000192 112
0.023490 18
0.000211 125
0.247998 18
0.000152 44
0.047858 18
0.000268 41
0.349693 18
0.000273 51
0.273921 6
0.000028 12
0.000181 124
0.047655 18
0.000494 125
0.297567 18
0.000243 123
0.025698 18
0.000156 121
0.049882 18
0.000152 123
0.197814 18
0.000156 44
0.051023 55
0.262690 18
0.000250 27
0.037620 18
0.000222 50
1.220263 18
0.000306 51
0.015393 18
0.000192 60
0.019848 18
0.000145 53
0.059636 18
0.000232 45
0.196066 6
0.000103 12
0.000196 107
0.025374 18
0.000257 45
0.253818 18
0.000192 98
0.057821 18
0.000233 27
1.884366 6
0.000309 62
0.019234 18
0.000259 95
0.015712 18
0.000161 27
0.027856 18
0.000159 85
0.203824 18
0.000247 123
0.023780 18
0.000926 44
0.024958 18
0.000279 44
0.199333 77
0.038368 18
0.000206 124
0.175894 18
0.000243 125
0.027861 18
0.000208 44
0.191553 18
0.000203 106
0.029783 18
0.000211 112
0.187788 18
0.000205 122
0.027798 18
0.000203 44
0.211927 18
0.000261 88
0.035750 18
0.225772 18
0.018009 18
0.036104 18
0.237988 18
0.028183 18
0.516011 24
0.017809 25
0.009969 22
0.260194 22
0.015745 24
0.015928 25
0.008050 22
0.024097 23
0.220647 25
0.015373 23
0.007923 26
0.014065 23
0.202015 24
0.022726 26
0.009155 23
0.014037 24
0.222166 26
0.019996 23
0.009977 23
0.218018 23
0.020011 23
0.017966 23
0.014038 23
0.242541 23
0.023461 24
0.019945 26
0.018134 25
0.204125 26
0.012614 23
0.011019 23
0.008456 23
0.195985 23
0.012361 25
0.013592 26
0.007748 25
0.188718 26
0.015189 23
0.015318 23
0.006912 25
0.012631 26
0.173149 23
0.028056 23
0.012078 23
0.018317 25
0.183516 26
0.019493 23
0.009206 23
0.011832 25
0.175435 26
0.022018 18
0.000248 86
0.010289 18
0.000392 58
0.008960 18
0.000238 49
0.009940 18
0.000163 122
0.180948 6
0.000127 12
0.000270 122
0.012404 18
0.000191 122
0.012280 18
0.000259 57
0.008559 18
0.000233 52
0.011042 18
0.000316 49
0.177103 18
0.000268 96
0.015712 18
0.000226 54
0.007709 18
0.000246 49
0.011834 18
0.000206 128
0.011775 18
0.000238 64
0.182371 6
0.000077 12
0.000218 49
0.013349 6
0.000259 12
0.000325 130
0.011344 18
0.000334 120
0.007561 18
0.000268 62
0.187664 18
0.000439 70
0.013494 18
0.000196 79
0.016455 18
0.000218 49
0.009544 18
0.000223 132
0.013389 18
0.000245 56
0.177977 18
0.000204 89
0.019708 18
0.000218 49
0.009808 18
0.000242 130
0.013920 18
0.000121 131
0.009664 18
0.000203 79
0.197079 18
0.000129 49
0.012892 140
0.014059 18
0.000322 81
0.007251 18
0.000259 49
0.014455 6
0.000154 12
0.000142 124
0.191199 18
0.000214 84
0.017768 18
0.000227 49
0.007635 18
0.000192 130
0.011840 18
0.000267 121
0.007613 18
0.000194 78
0.204218 18
0.000178 49
0.013464 18
0.000210 131
0.013749 18
0.000204 126
0.005984 18
0.000228 97
0.013540 18
0.000193 78
0.196107 18
0.000286 49
0.019442 18
0.000330 131
0.009741 18
0.000189 133
0.011899 6
0.000339 12
0.000320 95
0.011435 18
0.000134 131
0.193838 6
0.000628 137
0.015311 18
0.000238 131
0.015627 18
0.000299 59
0.012053 129
0.190039 6
0.000117 12
0.000238 80
0.017375 6
0.000171 12
0.000130 82
0.017725 18
0.000155 49
0.011712 18
0.000512 106
0.175771 6
0.000088 12
0.000190 97
0.023514 18
0.000240 49
0.017803 18
0.000254 133
0.009873 18
0.000223 100
0.181896 6
0.000121 12
0.000264 78
0.017449 18
0.000225 72
0.017599 18
0.000172 100
0.012028 18
0.000105 49
0.194016 6
0.000124 12
0.000261 130
0.019420 18
0.000248 118
0.015543 18
0.000241 83
0.011859 18
0.000236 78
0.182056 18
0.000284 49
0.015474 18
0.000272 131
0.015678 18
0.000275 130
0.013432 18
0.000316 80
0.192114 6
0.000124 12
0.000194 133
0.013471 18
0.000199 131
0.015769 18
0.000243 57
0.009816 18
0.000338 79
0.025574 18
0.000245 72
0.173834 18
0.000260 97
0.017811 18
0.000293 49
0.009687 18
0.000232 129
0.013873 18
0.000211 130
0.183810 6
0.000089 12
0.000180 133
0.017545 18
0.000261 133
0.009730 18
0.000241 78
0.012260 18
0.000231 49
0.007166 18
0.000264 64
0.206121 18
0.000246 49
0.014113 18
0.000225 118
0.015094 18
0.000229 58
0.007777 18
0.000301 49
0.014139 148
0.195641 18
0.000202 130
0.017776 18
0.000448 127
0.009486 18
0.000297 57
0.011779 18
0.000222 79
0.014062 18
0.000246 49
0.198593 18
0.000194 117
0.012538 18
0.000272 63
0.015847 18
0.000232 49
0.009781 18
0.000252 130
0.027817 18
0.000167 80
0.201860 18
0.000240 90
0.021585 18
0.000248 99
0.013891 18
0.000207 46
0.021628 18
0.000271 32
0.189756 18
0.000328 48
0.016250 18
0.000741 119
0.006704 18
0.000257 73
0.011731 18
0.000298 32
0.009655 18
0.212023 18
0.014783 18
0.013253 18
0.007984 18
0.014587 18
0.205445 18
0.023937 18
0.014028 18
0.020006 18
0.028121 18
0.705978 26
0.023907 21
0.226108 25
0.316111 22
2.884019 26
12.042334 6
0.000389 46
1.114687 6
0.001071 96
7.666938 6
0.000419 37
1.047001 6
0.002922 61
0.397918 18
0.000234 32
0.028478 18
0.000232 48
0.019111 18
0.000194 119
10.511053 6
0.000115 609
0.320089 6
0.011442 45
0.004117 72
0.000158 755
40.623880 6
0.000411 66
0.003091 106
2.401467 38
0.973002 60
0.000043 9
0.046670 106
1.291843 103
4.596657 61
1.120032 166
0.037539 21
0.008563 30
0.001107 8
0.000073 38
0.000077 2
0.000347 80
0.000062 520
0.000013 709
0.000085 788
0.000011 23
0.000043 137
0.000113 116
0.000113 232
0.000103 355
0.000299 709
0.000028 403
0.000086 1219
0.000053 466
0.000036 14
29.333973 2
0.633925 2
0.221173 2
0.161695 2
149.927385 1
0.613847 2
0.000630 39
5.978157 1
0.101034 1
0.276555 1
0.197052 1
0.182505 1
0.840342 1
0.257430 1
0.198583 1
0.634838 2
0.000302 39
2.352074 1
0.142821 1
0.237954 1
0.143531 1
0.184285 1
2.161107 1
0.238821 1
0.199768 1
2.065677 1
0.296477 1
0.102058 1
0.179552 1
0.164199 1
0.193993 1
0.065452 1
0.125294 1
0.163198 1
0.348580 1
0.201417 2
0.000256 39
1.162930 4
0.868178 4
0.959806 3
0.503892 3
0.030770 6
0.032651 3
0.031629 3
0.047994 6
0.511608 1
0.136507 1
0.178070 1
0.294056 1
0.184587 2
0.000289 39
1.907666 110
14.931417 52
0.184393 137
0.326923 49
0.371803 45
0.877994 11
0.056217 106
1.183181 29
0.426373 81
0.412898 137
0.576667 81
5.490511 137
0.751358 49
1.184398 11
0.012730 8
0.000132 67
0.000273 58
0.000174 41
0.001028 623
0.000036 986
1.080840 22
0.507010 22
0.031020 22
0.032327 22
0.030772 22
0.032173 22
0.030401 22
0.047510 18
0.000177 5
0.030082 23
0.032582 23
0.031685 23
0.031555 23
0.031614 23
0.032447 23
0.032759 23
0.032891 23
0.031307 23
0.031322 23
0.032040 23
0.047006 31
0.032136 23
0.032138 23
0.031091 23
0.032090 23
0.031358 23
0.031101 18
0.000158 16
0.000325 26
0.031797 18
0.000127 49
0.031773 18
0.000125 121
0.032669 18
0.000101 119
0.031030 139
0.030613 34
0.000112 107
0.031447 18
0.000091 122
0.046135 18
0.000175 56
0.034147 34
0.000113 30
0.031050 67
0.030102 49
0.000118 92
0.032420 18
0.000097 110
0.031551 18
0.000100 64
0.031178 34
0.000184 33
0.031841 18
0.000088 123
0.030431 6
0.000197 137
0.030968 49
0.000093 81
0.046071 18
0.000110 71
0.030097 18
0.000152 49
0.030957 18
0.000141 120
0.031666 18
0.000130 66
0.031593 18
0.000374 76
0.031453 18
0.000117 49
0.031406 18
0.000101 120
0.031191 34
0.000170 62
0.032104 71
0.032113 18
0.000111 49
0.047882 18
0.000108 16
0.000088 98
0.030858 34
0.000010 15
0.000119 83
0.030742 18
0.000227 114
0.031714 34
0.000125 41
0.032953 18
0.000096 16
0.000174 33
0.028908 18
0.000177 49
0.030967 18
0.000201 88
0.032198 18
0.000207 50
0.031767 18
0.000037 49
0.031562 34
0.000230 104
0.032038 18
0.000148 56
0.046701 18
0.000115 49
0.032229 140
0.032348 18
0.000202 112
0.030393 18
0.000131 62
0.030896 84
0.032147 49
0.000095 40
0.031991 18
0.000273 49
0.030946 142
0.031971 18
0.000195 56
0.032556 18
0.000227 81
0.031547 67
0.032167 6
0.000170 134
0.032347 34
0.000134 107
0.030705 18
0.000260 71
0.048774 18
0.000010 49
0.030967 18
0.000103 114
0.031407 18
0.000098 31
0.000112 42
0.032121 18
0.000122 49
0.031381 34
0.000140 100
0.031780 18
0.000216 76
0.031951 18
0.000030 49
0.030656 49
0.000087 91
0.031587 18
0.000097 113
0.031547 18
0.000262 70
0.030381 18
0.000144 49
0.046353 18
0.000395 123
0.032693 136
0.031445 107
0.029739 18
0.000131 70
0.031731 67
0.031163 49
0.000085 92
0.031957 143
0.030492 18
0.000140 87
0.031419 34
0.000126 107
0.032275 6
0.000182 129
0.032239 141
0.033315 18
0.000080 59
0.047536 18
0.000122 103
0.031990 18
0.000153 16
0.000119 56
0.031196 18
0.000184 74
0.031714 18
0.000211 49
0.031774 49
0.000084 67
0.030910 18
0.000174 89
0.031638 18
0.000153 49
0.031979 18
0.000235 125
0.031918 18
0.000119 92
0.031260 18
0.000136 70
0.031529 18
0.000158 67
0.030633 18
0.000158 31
0.000127 61
0.031268 18
0.000157 49
0.033469 140
0.049533 18
0.000228 110
0.029388 18
0.000141 75
0.031777 18
0.000120 16
0.000116 54
0.030552 18
0.000131 49
0.031516 34
0.000107 107
0.032136 18
0.000109 122
0.031500 90
0.030990 18
0.000114 125
0.031834 141
0.030545 18
0.000198 57
0.031516 18
0.000158 71
0.046797 85
0.030704 34
0.000349 73
0.031176 67
0.031272 18
0.000220 121
0.030643 18
0.000017 122
0.031309 18
0.000183 125
0.032367 143
0.031220 18
0.000104 59
0.000172 11
0.030721 18
0.000170 49
0.047654 34
0.000117 47
0.032415 34
0.000127 33
0.031828 18
0.000089 16
0.000154 94
0.031718 76
0.032101 18
0.000126 49
0.031787 140
0.031644 18
0.000141 122
0.029901 137
0.030688 18
0.000125 57
0.031939 34
0.000112 55
0.032260 18
0.000171 49
0.031592 49
0.000102 78
0.032279 73
0.048249 34
0.000114 33
0.031477 18
0.000191 122
0.031413 49
0.000131 41
0.030365 34
0.000227 66
0.032601 109
0.031599 49
0.000092 15
0.032734 18
0.000261 58
0.030992 18
0.000125 56
0.031624 63
0.032119 62
0.031807 34
0.000194 28
0.031388 18
0.000158 31
0.031443 67
0.046036 18
0.000123 111
0.031140 18
0.000182 68
0.031992 34
0.000222 15
0.030862 18
0.032359 18
0.030925 18
0.032619 18
0.031382 18
0.031545 18
0.031523 18
0.030981 18
0.045655 18
0.032178 18
0.032080 18
0.032851 18
0.032041 18
0.033587 18
0.030474 18
0.030684 18
0.032005 18
0.030642 18
0.157649 21
0.159914 21
0.257243 21
0.158640 21
0.504836 35
0.000486 43
0.198688 21
3.089602 6
0.001454 12
0.000173 70
3.239294 6
0.000674 291
0.000037 161
0.381605 6
0.000216 45
0.014912 71
0.000040 97
0.000054 123
0.000113 206
0.000126 43
0.522969 72
0.000671 106
23.253870 26
1.463476 45
2.014982 11
0.069082 106
3.677934 22
0.967866 28
0.000344 9
0.036581 25
0.003302 20
0.000098 27
2.597164 1
0.119104 1
0.255898 1
0.179307 1
0.224115 1
0.217798 1
0.237354 1
0.217405 1
0.253994 2
0.000456 31
0.004022 37
0.000192 18
0.000105 2
0.000180 51
0.000160 34
0.000042 9
18.577874 2
0.067897 23
0.000322 67
0.001036 8
0.000041 5
4.778579 1
0.087077 1
0.307155 1
1.104268 1
0.732933 4
0.955132 1
1.272912 1
0.126690 1
0.160644 1
0.879736 1
0.383039 11
0.000470 46
1.200281 8
0.859413 4
0.180782 4
0.136887 4
0.163628 4
0.163708 4
1.067812 1
0.139637 1
0.215017 11
0.000457 50
1.048344 5
0.936060 11
0.000476 45
0.000037 5
8.266245 1
0.158925 1
0.183419 1
0.232570 1
0.349746 11
0.000573 14
0.001360 106
205.162239 13
0.368943 42
1.790852 49
0.747113 45
0.861961 81
0.430354 137
0.768682 49
0.559760 43
0.432235 142
0.346430 47
0.357529 52
0.311255 8
0.352030 52
0.376034 53
0.465901 48
0.678294 29
0.275200 54
0.221817 53
0.278882 48
0.392790 52
0.179883 49
0.349804 53
0.405586 49
0.691018 11
0.064515 106
396.313559 27
0.273057 45
0.447204 42
0.481754 49
0.309888 45
0.311679 81
0.744649 137
0.395257 49
0.525822 45
0.121369 81
0.103288 137
0.102157 49
0.331083 43
0.686890 11
0.047617 8
0.000149 67
0.001034 58
0.000375 40
0.000678 146
0.000200 477
0.000303 70
0.000096 431
0.000115 122
0.581635 22
0.182205 22
0.376558 21
0.142942 21
0.824066 22
0.503614 22
0.030096 22
0.031689 22
0.032716 22
0.105655 22
0.506649 18
0.000314 1
0.030994 19
0.030283 19
0.032792 19
0.047218 19
0.041920 19
0.021668 19
0.029275 19
0.031593 19
0.032329 34
0.031272 19
0.030687 19
0.031659 19
0.029840 19
0.048521 19
0.031637 19
0.032679 19
0.032051 19
0.029792 19
0.031305 19
0.031125 19
0.031872 19
0.030427 19
0.031494 19
0.046514 19
0.030320 19
0.030580 19
0.030951 19
0.032666 19
0.029662 19
0.030829 19
0.032169 19
0.049332 19
0.030267 19
0.030669 19
0.031483 19
0.032543 19
0.028613 19
0.032490 19
0.031420 19
0.031931 19
0.129951 22
0.137571 25
0.350314 19
0.138820 18
0.000144 1
0.084814 19
0.120081 19
0.079958 19
0.481085 56
0.501287 21
0.031427 21
0.047435 21
0.031848 21
0.032803 21
0.037870 21
0.022607 21
0.031793 21
0.031766 21
0.030004 21
0.031537 21
0.051939 21
0.027221 21
0.031489 21
0.031222 21
0.032392 21
0.030412 18
0.000144 3
0.030405 18
0.000075 3
0.030817 21
0.031139 21
0.033431 18
0.000073 3
0.046604 21
0.030603 21
0.032188 21
0.032103 21
0.031174 21
0.031266 18
0.000140 3
0.031717 18
0.000181 3
0.031247 21
0.031424 21
0.031650 19
0.046199 21
0.030760 21
0.031485 18
0.000161 3
0.032782 19
0.033242 21
0.030462 21
0.032009 21
0.190893 21
0.177667 21
0.159384 26
0.122128 19
0.182864 18
0.000412 1
0.176185 19
0.181874 19
0.274412 73
0.313511 22
0.203338 6
0.000314 93
1.235396 25
0.205603 19
0.215506 24
0.120674 19
0.329233 19
0.142898 19
0.101907 19
0.120395 19
0.079682 19
0.201579 19
0.121048 19
0.447583 6
0.000221 38
0.181551 6
0.000136 40
0.155014 21
0.333595 21
5.863109 6
0.001815 87
0.000126 60
3.105367 458
0.334136 6
0.011094 42
0.003981 70
0.000215 461
0.000096 6
1.080971 6
0.000690 66
0.005819 106
10.517446 49
1.322649 145
0.000192 9
0.021956 81
0.001843 106
50.895029 36
1.128784 56
0.000227 9
0.002766 28
0.000450 106
28.555555 83
1.177665 179
0.000251 9
0.025292 87
0.001863 106
6.360730 22
0.798314 37
0.028598 66
0.000456 68
0.001920 106
6.086288 36
0.791358 56
0.000064 9
0.092088 106
6.112508 34
0.853062 61
0.037406 200
0.000123 86
0.001802 106
11.493824 40
0.906681 73
0.036603 4095
0.001912 4095
0.000317 4095
0.000296 4095
0.000318 4095
0.000260 4095
0.000259 4095
0.000276 4095
0.000257 4095
0.000284 4095
0.000248 4095
0.000277 4095
0.000227 4095
0.000276 4095
0.000244 4095
0.000221 4095
0.000211 4095
0.000239 4095
0.000200 1378
0.001303 106
181.984176 39
1.073628 62
0.000287 9
0.039858 8
0.000155 67
0.001409 58
0.000583 41
0.000272 146
0.000100 477
0.000252 307
0.000091 449
0.000094 249
2.593591 22
0.042583 22
0.014303 22
0.041766 22
0.243806 22
0.022034 22
0.011931 22
0.243493 23
0.026708 23
0.025697 23
0.260335 23
0.033713 23
0.453801 23
0.053799 23
0.044147 23
0.239985 23
0.015842 23
0.023541 23
0.314626 23
0.028338 31
0.024034 23
1.523833 23
0.033730 23
0.309983 23
0.026059 23
0.022005 34
0.000138 33
0.012344 93
0.035505 98
0.575961 49
0.000113 18
0.019938 34
0.000133 25
0.011228 84
0.012621 88
0.014071 83
0.513835 18
0.000121 31
0.015820 34
0.000150 66
0.019828 18
0.000156 84
0.012709 104
0.937405 49
0.017893 86
0.021942 90
0.021341 49
0.251488 18
0.000153 57
0.017777 75
0.000116 11
0.023240 18
0.000083 62
0.959970 49
0.035921 83
0.028120 49
0.306202 18
0.000115 66
0.023213 18
0.000169 82
0.036047 18
0.000092 64
1.460245 81
0.059808 81
91.843455 6
0.000061 13
0.000329 52
0.015889 106
15.960430 30
1.351106 1
0.506314 1
0.032209 1
0.031488 1
0.033543 1
0.030383 1
0.031696 1
0.047988 1
0.032688 1
0.031620 1
0.191650 1
0.165033 1
0.921274 29
0.200202 29
0.326906 29
0.858322 25
0.328437 25
0.461661 25
0.175438 25
0.538637 25
0.574301 3
0.502849 3
0.030490 3
0.033378 3
0.255897 3
0.499843 3
0.030694 3
0.031631 3
0.032624 3
0.031102 3
0.031756 3
0.327091 3
0.467046 4
0.515660 4
0.030108 4
0.030659 4
0.031898 4
0.032998 4
0.031943 4
0.031531 4
0.031308 4
0.032973 4
0.368562 4
0.763606 1
0.288742 1
0.614981 1
0.200930 1
0.366613 1
0.408321 4
0.463931 1
0.592013 1
0.392180 4
0.232690 1
0.559313 1
0.535837 1
0.239857 1
0.384309 1
0.631825 2
0.000161 9
0.013727 8
0.000136 67
0.000860 58
0.000197 40
0.000449 271
0.000109 352
0.000302 548
1.352061 22
0.391830 22
0.508795 22
0.031679 22
0.032294 22
0.032355 22
0.031345 22
0.030580 23
0.032188 23
0.031594 23
0.032062 23
0.048128 23
0.031622 23
0.031414 6
0.000083 17
0.391880 23
0.514387 23
0.030940 23
0.031439 23
0.031133 23
0.030746 31
0.032189 23
0.032310 23
0.032986 23
0.031657 23
0.031604 23
0.248970 18
0.000199 31
0.239492 34
0.000122 71
27.111759 71
0.003784 106
0.977307 43
1.052179 79
0.012325 8
0.000123 67
0.001046 56
0.000504 146
0.000129 494
3.159736 6
0.000442 8
0.000979 29
0.000427 76
0.000169 223
1.325647 24
0.037473 18
0.252341 18
0.211776 26
0.022154 21
0.190402 22
0.031374 26
0.242608 23
0.041591 22
0.179996 18
0.000217 6
0.329693 18
0.000135 8
1.188543 21
0.159705 18
0.000117 3
10.065223 458
0.464536 6
0.000166 45
0.014666 539
5.888277 6
0.000187 66
0.002582 8
0.000062 98
3.309832 40
0.952041 73
0.399585 106
3.232905 36
0.949944 56
0.000115 9
0.067026 75
0.008960 106
31.049578 60
1.011258 165
0.188389 53
0.000325 135
0.000685 106
4.371750 60
1.081962 155
0.242267 1
0.502315 1
0.046864 1
0.031777 1
0.033201 1
0.029272 1
0.030541 1
0.032611 1
0.031362 1
0.031687 1
0.032214 1
0.031048 1
0.030271 1
0.047293 1
0.032783 1
0.031279 1
0.030519 1
0.031861 1
0.031832 1
0.032741 1
0.030601 1
0.031334 1
0.031215 1
0.031620 1
0.047615 1
0.032759 1
0.032369 1
0.032217 1
0.031119 1
0.032447 1
0.032600 1
0.031094 1
0.031721 1
0.030675 1
0.032974 1
0.031873 1
0.032352 1
0.030652 1
0.047056 1
0.033099 1
0.031889 1
0.032677 1
0.270502 1
0.938191 5
0.182396 5
0.119294 5
0.098996 5
0.116935 5
0.194497 5
0.158519 5
0.402446 1
0.460780 11
0.000117 46
0.000843 106
0.856566 44
0.464681 1
0.437789 1
0.271522 3
0.354515 4
0.744830 11
0.112449 178
0.003024 106
1.467523 43
1.181837 1
0.496759 3
0.537195 1
0.514924 1
0.031848 1
0.032034 1
0.030273 1
0.031709 1
0.030222 1
0.032296 1
0.032943 1
0.031321 1
0.031947 1
0.032445 1
0.031425 1
0.031562 1
0.045971 1
0.030658 1
0.032816 1
0.031750 1
0.031350 1
0.031334 1
0.030900 1
0.032536 1
0.030564 1
0.032188 1
0.046954 1
0.032972 1
0.032797 1
0.031181 1
0.033220 1
0.030165 1
0.031024 1
0.034135 1
0.029900 1
0.238800 1
0.178537 1
1.280693 75
0.502936 75
0.030862 75
0.031786 73
0.032284 75
0.046455 75
0.032849 75
0.031153 75
0.031981 1
0.032664 1
0.930176 71
0.526857 71
0.294771 71
0.194259 71
1.336803 11
0.016905 61
0.019806 43
0.012185 63
0.000082 67
0.009548 12
0.016422 40
0.113123 24
0.000288 62
0.000834 116
0.015237 59
0.000012 72
0.009144 12
0.015414 40
0.187805 8
0.000373 48
0.001737 31
0.000198 122
0.012860 124
0.001264 76
0.001219 106
5.809980 31
1.060282 1
0.000122 44
0.292185 1
0.554998 11
0.001412 57
0.000684 106
0.594649 22
0.255900 1
0.502025 1
0.031848 1
0.031387 1
0.046559 1
0.031701 1
0.032183 1
0.032535 1
0.031980 1
0.033002 1
0.031016 1
0.030577 1
0.031222 1
0.033432 1
0.031138 1
0.032193 1
0.031423 1
0.049652 1
0.029436 1
0.032677 1
0.031601 1
0.029264 1
0.049535 1
0.014546 1
0.030814 1
0.030967 1
0.323102 45
0.688190 1
5.552730 1
0.327290 3
0.296359 49
3.184200 3
0.503123 3
0.030736 3
0.031845 3
0.032564 3
0.046253 3
0.031979 3
0.033343 3
0.031567 3
0.032659 3
0.029647 3
0.032369 3
0.031538 3
0.031206 3
0.031128 3
0.045613 3
0.030869 3
0.030501 3
0.032281 3
0.031429 3
0.031002 3
0.031499 3
0.032497 1
0.032743 1
0.031850 1
0.031063 1
0.364434 4
0.502244 4
0.030153 4
0.047787 4
0.032263 4
0.029283 4
0.031269 4
0.031946 4
0.032927 4
0.030154 4
0.033165 4
0.031115 4
0.030772 4
0.046883 4
0.031891 4
0.030172 4
0.031860 4
0.031203 4
0.031308 4
0.030514 4
0.035726 4
0.043459 4
0.030210 1
0.031323 1
0.031266 1
0.031189 1
0.031558 1
143.657145 39
0.805180 62
0.000073 9
0.021233 8
0.043405 992
5.665088 109
0.000218 36
0.000018 24
0.000068 6
2.194730 8
0.018599 4
0.392105 4
0.513275 4
0.032536 4
0.031345 4
0.032121 4
0.031259 4
0.030942 4
0.031916 4
0.030044 4
0.031295 4
0.048542 4
0.030259 4
0.030369 4
0.032798 4
0.030658 4
0.030333 4
0.030614 4
0.031559 4
0.032406 4
0.032962 4
0.045807 4
0.030474 4
0.032398 4
0.032138 4
0.032358 4
0.032206 4
0.030489 35
0.032043 36
0.032433 36
0.031902 36
0.031441 36
0.031916 36
0.047208 36
0.031348 36
0.032862 36
0.030727 36
0.031443 36
0.031490 36
0.829166 40
1.824309 40
2.361495 67
4.871266 40
0.295404 36
0.328665 4
0.000115 1174
0.238745 39
1.904125 19
1.507705 24
0.656233 24
0.395858 24
1.026066 1
0.368574 6
0.503369 8
0.031493 6
0.031306 6
0.030745 8
0.047008 6
0.031993 6
0.033387 8
0.031408 35
0.031935 36
0.032560 36
0.031627 36
0.666497 627
0.696327 1206
0.486846 1206
0.471393 627
0.295618 373
0.184193 315
0.120446 315
0.087903 315
0.225406 315
0.221415 315
0.508825 315
0.029974 315
0.030694 373
0.031858 594
0.000553 33
0.031263 1206
0.046844 1206
0.032328 1206
0.032809 1206
0.031382 1206
0.031959 1206
0.032910 1206
0.030983 1206
0.030797 1206
0.032879 1206
0.029758 1206
0.234049 69
0.336349 68
0.544719 69
1.156693 11
0.003359 106
8.428860 36
0.821436 65
0.063822 75
0.009668 8
0.000032 98
15.380440 43
0.999109 79
0.011932 8
0.000148 67
0.000374 98
0.000777 271
0.000019 575
0.000102 79
20.314452 22
0.241493 22
0.200355 22
0.142212 22
0.144187 22
0.506765 22
0.031145 22
0.030883 23
0.032164 23
0.032393 23
0.047273 23
0.030824 23
0.032009 23
0.239675 19
0.203898 19
0.515446 19
0.030588 19
0.031549 19
0.032124 19
0.029737 34
0.031435 19
0.032119 19
0.031853 19
0.032668 19
0.031767 19
0.403742 19
0.201520 19
1.200360 35
0.000274 22
0.501839 21
0.030849 21
0.048117 21
0.029930 19
0.030093 21
0.032058 19
0.030537 21
0.031286 21
0.031704 21
0.030943 21
0.047057 21
0.030402 21
0.030929 22
0.030477 6
0.000259 20
0.031266 38
0.031444 21
0.031163 21
0.030949 21
0.046546 21
0.032859 21
0.031883 21
0.032375 18
0.000130 3
0.032136 21
0.028813 21
0.031827 18
0.000097 3
0.030123 18
0.000125 3
0.032882 21
0.032228 21
0.033343 21
0.045372 21
0.030921 18
0.000415 4
0.030514 21
0.032194 26
0.032061 21
0.032581 21
0.031766 21
0.031584 18
0.000117 3
0.031322 19
0.031784 21
0.031310 19
0.033991 21
0.030537 21
0.048121 18
0.000123 3
0.030268 21
0.032349 21
0.032411 21
0.031352 22
0.030530 6
0.000118 20
0.031090 21
0.033036 19
0.031623 21
0.031390 19
0.032422 21
0.030693 21
0.046712 6
0.000350 15
0.029393 21
0.033142 18
0.000179 3
0.030603 21
0.031705 21
0.030307 22
0.030388 26
0.031757 21
0.047835 18
0.000092 3
0.030970 19
0.030030 18
0.000111 3
0.030162 19
0.031566 21
0.030273 21
0.031416 21
0.031145 22
0.047413 6
0.000154 19
0.030571 21
0.032115 21
0.031500 21
0.031302 18
0.000131 3
0.031362 19
0.030034 18
0.000125 3
0.031928 19
0.032433 19
0.000047 2
0.033805 21
0.030060 21
0.047753 21
0.030485 21
0.032329 21
0.029861 22
0.031406 24
0.032545 29
0.031262 18
0.000120 3
0.031317 21
0.032664 21
0.045257 21
0.031486 21
0.031064 18
0.000140 3
0.030967 22
0.034573 21
0.030130 25
0.031321 21
0.031648 21
0.031076 21
0.031235 21
0.032448 18
0.000155 1
0.045938 19
0.000144 2
0.030520 19
0.031814 21
0.031501 21
0.031379 21
0.031666 21
0.031359 18
0.000127 3
0.030773 21
0.031450 18
0.000133 4
0.046294 25
0.030854 21
0.032063 19
0.032062 21
0.032288 19
0.032019 21
0.029866 21
0.031165 21
0.031115 21
0.031054 21
0.047225 21
0.032015 21
0.032656 22
0.032302 6
0.000016 19
0.031465 18
0.000126 3
0.031999 21
0.031914 21
0.031633 21
0.031095 19
0.032478 21
0.031076 19
0.032565 21
0.032463 21
0.047086 21
0.030254 19
0.000094 3
0.032527 25
0.031608 21
0.031006 21
0.031260 21
0.031879 21
0.032351 19
0.030926 21
0.031654 19
0.031091 21
0.047492 21
0.030963 21
0.032098 21
0.032104 21
0.030697 21
0.031497 22
0.032534 24
0.030637 27
0.031027 21
0.031393 21
0.031448 21
0.048291 21
0.031480 22
0.031717 18
0.032043 18
0.031328 18
0.032152 18
0.031930 18
0.031786 18
0.033045 18
0.030459 18
0.032325 18
0.030729 18
0.882023 6
0.004143 172
0.000091 340
2.255502 458
0.435081 6
0.000107 45
0.013684 37
0.000146 459
0.000145 43
3.306540 21
0.023538 21
0.192589 21
0.017542 22
0.024406 26
0.169235 21
0.020881 21
0.013359 21
0.045004 25
0.143011 22
0.019999 26
0.034072 21
0.145968 22
0.018156 22
0.033809 24
0.159914 22
0.044453 25
0.563804 21
1.103859 35
0.000273 21
0.839385 27
0.000140 8
0.637468 22
0.160925 23
0.184036 24
0.118842 25
0.121238 24
0.273504 24
0.390331 23
0.711657 21
0.928837 19
0.687758 24
0.122257 25
0.084486 26
0.120970 23
0.103451 23
0.136442 23
0.743707 21
0.930997 19
0.629226 24
0.119817 26
0.099782 18
0.000245 5
0.100716 23
0.122674 23
0.756367 18
0.000039 3
0.856419 19
1.721560 147
0.000150 156
0.000101 155
0.318420 6
0.000179 45
0.014280 228
0.000034 311
2.417548 6
0.000155 66
0.002825 106
4.149575 40
0.744446 73
0.623195 106
2.777878 36
0.781067 65
0.057039 75
0.008683 106
7.809250 41
0.903805 75
0.058061 238
0.010168 106
67.443948 41
1.061730 75
0.063732 238
0.009140 106
14.704704 22
1.310306 37
0.038419 25
0.003948 20
0.000151 27
4.293456 1
0.062813 1
0.256852 1
0.217644 1
0.221979 1
1.711243 1
0.219784 1
0.510780 1
0.520079 2
0.000312 31
0.014590 37
0.000272 20
0.000206 51
0.000161 43
6.655159 2
3.846672 37
0.013828 13
5.605324 1
0.238501 1
0.262876 1
0.319289 1
0.464996 4
0.159892 4
0.200482 4
0.102360 4
0.081053 1
0.255930 1
0.111117 1
0.215836 42
1.522240 1
0.183656 1
0.144739 1
1.205747 4
0.139085 4
0.084479 4
0.120017 1
1.955516 1
0.184295 1
0.101269 1
0.121855 1
0.101964 1
0.617119 1
0.223364 1
0.143620 1
0.199201 1
0.144272 29
0.000008 8
0.000064 5
2.162666 1
0.237499 1
0.201687 1
0.221986 11
0.000129 18
0.000142 13
1.672692 3
0.318742 12
0.320830 21
0.216058 1
0.354984 1
0.278134 1
0.206047 1
0.472706 4
0.141498 4
0.162817 1
0.521639 1
0.278680 1
0.174422 1
0.200311 1
0.177870 1
0.142057 1
0.065074 1
0.143256 1
0.082506 1
0.253393 1
0.176442 1
0.080209 1
0.198880 1
0.143974 11
0.000185 31
1.633135 1
0.104688 1
0.182210 1
0.088777 1
0.103027 22
3.256234 1
0.159708 1
0.240490 1
0.176405 1
0.207044 1
0.896554 1
0.218684 1
0.141907 1
0.238742 2
0.000662 44
3.679761 2
3.306598 37
0.000221 8
0.000368 5
1.597934 1
0.127773 1
0.222769 1
0.127987 1
0.256079 22
1.240101 1
0.121736 1
0.238607 1
0.143426 1
0.243972 1
0.200078 1
0.259990 1
0.023840 1
0.496699 3
0.801935 1
0.670366 2
0.000400 44
2.959011 2
2.759504 50
6.058122 1
0.101940 1
0.155400 1
0.068629 1
0.120078 22
0.746233 1
0.158483 1
0.238957 1
0.200258 1
0.242022 1
0.430698 1
0.240208 1
0.249518 1
0.880813 2
0.000312 87
0.000019 5
6.037684 1
0.159964 1
0.103575 1
0.199190 1
0.180083 11
0.002727 8
0.000102 98
3.096692 43
1.290879 70
0.000208 9
0.059126 201
0.008678 106
24.416662 39
1.026329 71
0.022315 1375
7.735582 2
0.624561 2
1.217789 1
0.839989 3
1.352993 4
0.205238 4
0.480197 4
0.161949 4
0.654562 3
0.513424 3
0.031750 6
0.031206 3
0.031098 3
0.031834 6
0.031591 3
0.031725 3
0.032426 6
0.034405 3
0.029747 3
0.030898 6
0.459596 2
0.017497 2
0.000338 106
2.437235 41
2.758743 75
0.020460 800
5.037818 2
0.009702 108
5.698631 43
0.891182 79
0.010518 1112
9.662089 2
0.002065 2
0.000120 106
147.546839 1
0.183074 1
0.159610 1
0.193266 1
0.279503 2
0.000117 15
