0.497297 106
1967.855277 4
0.222058 38
3.807900 38
1.038848 35
1.275856 38
0.294058 24
0.310981 20
0.273068 32
0.277895 56
0.249189 56
0.368840 26
0.311235 24
0.407955 36
1.424941 44
0.391050 19
1.142769 38
0.792844 26
0.441071 22
0.408147 54
0.445951 52
0.863996 45
1.083091 50
0.558845 45
2.566099 8
1.154966 48
0.294851 55
0.447125 59
0.497953 55
0.390974 55
0.519041 51
0.695045 55
0.290853 47
0.272215 56
0.236894 61
0.160035 220
0.345966 1
0.221965 246
0.424141 135
0.256817 48
0.577031 55
0.257185 39
0.366825 35
0.486151 31
0.159730 35
1.625218 39
0.386319 35
0.461593 61
0.544652 48
0.344248 52
0.385928 35
0.292692 77
0.671565 135
1.136937 67
0.462918 135
1.104548 67
1.408833 77
1.711785 11
0.015957 30
4.646946 2
0.061032 8
0.000104 67
0.000710 58
0.000329 40
0.000579 295
0.000117 266
0.000394 555
1.552694 22
0.504861 22
0.031117 22
0.029625 22
0.047289 22
0.031219 22
0.029860 22
0.032411 23
0.030213 23
0.030494 23
0.030801 23
0.032544 23
0.045888 23
0.031727 23
0.030159 23
0.031791 23
0.031787 23
0.030294 23
0.030293 23
0.031644 31
0.032894 23
0.047733 23
0.031171 23
1.555193 18
0.000107 5
1.008930 23
0.504777 23
0.030559 18
0.000036 88
0.030012 18
0.000045 41
0.048756 18
0.000248 43
0.030941 18
0.000099 33
0.030637 18
0.000096 31
0.031671 34
0.000108 61
0.031831 18
0.000114 41
0.030563 18
0.000152 43
0.031279 18
0.000160 33
0.032267 18
0.000095 31
0.030944 18
0.000092 78
0.030756 18
0.000181 43
0.032848 18
0.000114 33
0.047393 18
0.000146 31
0.032405 72
0.030269 18
0.000169 43
0.031093 34
0.000128 17
0.031221 18
0.000114 31
0.031328 80
0.030852 18
0.000065 71
0.030710 49
0.715866 21
0.198908 21
0.120072 21
0.119732 18
0.000171 3
0.115987 18
0.000165 3
19.645592 23
0.019406 23
0.018999 23
0.182193 23
0.017705 23
0.008095 6
0.000291 93
0.013693 18
0.000106 60
0.173359 18
0.000194 72
0.018153 110
0.007707 93
0.011855 51
0.168153 18
0.000121 31
0.013626 18
0.000132 44
0.005920 18
0.000277 72
0.009737 49
0.182459 18
0.000181 81
0.019424 18
0.000196 60
0.007731 18
0.000231 72
0.012226 110
0.012316 93
0.401520 18
0.000085 31
0.011614 18
0.000123 71
0.018132 18
0.000536 70
0.289365 18
0.000108 31
0.023664 18
0.000119 55
0.023987 49
0.250515 18
0.000053 79
0.015451 34
0.000106 67
0.025933 18
0.000111 100
0.592390 49
0.023553 18
0.000163 83
0.015687 86
0.050078 18
0.000126 51
0.203999 34
0.000119 139
0.021715 18
0.000086 16
0.000265 138
0.015521 18
0.000108 53
1.388403 34
0.000103 121
0.029449 18
0.000170 55
0.043847 73
1.084228 34
0.000055 25
0.041747 18
0.000159 33
0.033699 18
0.000034 33
0.340078 34
0.000095 15
0.035817 18
0.670336 21
0.035676 21
1.576214 21
0.400043 23
0.719927 21
1.085256 19
0.499841 19
0.046098 19
0.031359 19
0.032148 19
0.032713 19
0.031149 19
0.030555 19
0.030533 19
0.030714 19
0.045905 18
0.000093 1
0.030532 19
0.031556 19
0.031376 19
0.032182 19
0.031698 19
0.342472 19
0.824344 35
0.000366 43
0.368746 6
0.000191 34
1.414933 49
2.196042 6
0.000730 75
1.360625 25
1.987795 26
0.037698 22
0.214238 26
0.027926 26
0.204207 18
0.000144 3
0.023402 26
0.200239 26
0.021816 26
0.058526 21
0.127745 26
0.023750 26
0.166071 26
0.023980 22
0.023843 26
0.154081 26
0.019997 25
0.170216 22
0.019896 26
0.025917 22
0.182186 25
0.029931 22
0.050082 22
2.965911 25
0.043970 25
0.186090 25
0.178921 25
0.028851 18
0.000091 76
0.178045 18
0.000149 27
0.193824 84
0.023991 18
0.000168 39
0.138059 25
0.043732 25
0.017859 18
0.000122 27
0.015900 45
0.166302 88
0.024141 18
0.000231 87
0.045457 18
0.000039 67
0.164151 30
0.000052 43
0.021786 18
0.000081 76
0.921969 30
0.000120 15
0.025856 83
0.019902 18
0.000076 57
0.192093 18
0.000081 27
0.021644 18
0.000096 27
0.040095 18
0.000103 38
0.212132 18
0.000214 49
0.037412 18
0.000077 27
1.066088 18
0.000101 27
0.233938 56
0.069964 18
0.000091 73
0.334010 18
0.000077 12
0.000105 15
0.334124 18
0.000135 27
5.127427 23
0.328036 25
1.092052 25
0.359888 24
0.376017 23
0.306158 25
0.068306 25
0.203523 25
0.031829 22
0.019944 24
0.040131 25
0.182030 25
0.019750 22
0.028132 18
0.000139 6
0.180955 18
0.000149 38
0.018711 18
0.000076 36
2.269350 68
0.000137 386
0.471412 6
0.000600 45
0.004054 70
0.000350 415
0.859553 6
0.000116 66
0.002058 106
60.621052 47
0.199754 110
0.232001 38
0.137942 38
0.461185 35
0.378724 38
0.159114 24
0.327163 28
0.142756 35
0.760328 38
0.176215 24
0.154691 20
0.118743 32
0.102012 56
0.080111 56
0.119799 26
0.103989 24
0.136342 36
0.179345 44
0.140646 19
0.120860 38
0.142792 26
0.249166 22
0.158930 54
0.096885 52
0.102961 45
0.140034 8
0.099971 48
0.100272 55
0.099762 55
0.121041 47
0.080920 56
0.254128 61
0.183943 130
0.226041 52
0.103162 51
0.478918 51
0.937281 55
0.159078 47
0.136482 56
0.078980 61
0.099457 220
0.124584 1
0.154169 246
0.142030 135
0.144347 48
0.239673 55
2.274262 39
0.253740 35
0.655831 39
1.616341 11
0.011421 8
0.000129 67
0.000983 58
0.000228 40
0.000564 477
0.000140 84
0.000224 354
0.000101 194
722.501226 6
0.000204 65
0.002350 106
5.956104 1
0.084233 1
0.610704 1
0.199697 1
0.568277 4
0.688341 1
0.000264 1
0.912398 4
0.120985 4
0.616269 1
0.174606 1
0.160167 1
0.064012 1
0.159888 1
0.614771 1
0.289225 1
3.945560 29
1.280348 41
0.125659 3
0.825443 2
0.000134 9
0.012153 8
0.000171 67
0.000823 58
0.000279 41
0.000413 561
0.000172 231
0.000110 144
0.000367 637
1.205548 22
0.543567 22
0.031896 22
0.015891 22
0.302522 22
0.013484 22
0.018473 22
0.725786 23
0.295928 23
0.035791 23
0.302187 23
0.029789 23
0.252429 23
1341.211331 23
0.021754 23
0.296035 23
0.023841 23
2.470545 6
0.000265 65
0.002097 106
1.371256 103
530.187417 32
1.199465 57
0.002207 201
0.000093 60
0.000317 106
18.582403 52
2.581674 133
0.503251 4
0.029725 4
0.046625 4
0.031403 4
0.031933 4
0.031667 4
0.030592 4
0.030977 15
0.032097 4
0.031486 4
0.033011 4
0.032467 132
0.031118 4
0.047074 4
0.031377 4
0.033777 4
0.032366 4
0.030601 4
0.030115 4
0.032213 4
0.032107 1
0.031185 1
0.031090 1
0.031576 1
0.032314 1
0.048142 1
0.033122 1
0.030984 1
0.031306 1
0.032357 1
0.031488 1
3.067520 38
1.121338 60
0.000092 9
0.003022 52
0.000010 6
0.000117 143
0.000031 11
0.000016 24
0.000027 25
0.000448 106
9.431989 17
1.004731 27
0.003265 48
0.000356 106
10.067556 20
0.900508 33
0.003825 72
0.000413 106
7.351353 30
1.066003 53
0.002844 73
0.000397 106
5.416591 34
0.789075 61
0.002292 117
0.000454 106
35.483837 29
1.138076 42
0.000039 9
0.002433 2948
0.000269 3260
0.000035 106
47.626709 33
0.847425 59
0.001558 54
0.000282 106
22.378414 30
1.028229 43
0.601455 3
1.171794 1
0.223692 1
0.184112 1
8.617450 11
0.194767 11
0.183080 11
0.158809 11
0.141913 11
0.536293 3
0.183552 3
0.329012 3
1.696863 1
0.111024 1
0.311573 1
0.177887 1
0.328346 1
0.149335 1
0.123521 1
0.766988 1
0.486828 4
0.728040 1
0.615662 1
0.512756 1
0.030966 1
0.031317 1
0.030962 1
0.030918 1
0.031935 1
0.031366 1
0.030803 1
1.459972 3
0.511703 3
0.031808 3
0.031121 3
0.032442 3
0.031696 3
0.195026 3
0.182029 3
0.433298 3
1.679941 1
0.506880 1
0.032212 1
0.031466 1
0.031445 1
0.032067 1
0.276658 3
0.514838 3
0.029729 3
0.032054 3
0.352807 3
0.158760 3
0.808531 1
0.506673 1
0.031479 1
0.045433 1
0.017371 1
0.032705 1
0.031153 1
0.231399 1
1.431401 21
0.176922 21
1.543011 17
0.144107 17
0.383719 3
0.508300 3
0.032718 3
0.030898 3
0.031281 3
0.030548 3
0.032195 3
0.633206 3
2.377079 11
0.006103 30
4.686622 2
0.109288 37
0.003481 54
0.003384 49
0.033253 80
0.069112 55
0.004806 42
0.010925 14
11.501475 23
3.271325 2
0.030290 39
0.005914 115
3.189579 1
0.142020 1
0.137244 1
0.111890 1
1.633071 1
1.055072 1
0.231074 1
0.175666 1
0.120180 1
0.235434 1
1.014037 19
1.806469 1
0.137569 18
3.030545 1
0.119830 1
2.331051 1
0.332975 1
0.327863 1
0.311969 1
0.274176 1
0.294967 1
0.352996 1
0.542134 18
2.712012 1
0.143661 1
2.522076 1
0.729734 1
0.461286 1
0.448248 1
0.663282 1
0.575683 1
0.601548 1
0.654474 13
1.951885 2
0.014518 34
1.693261 1
0.293045 2
0.000223 80
0.002747 54
0.033430 106
7.761280 51
0.977014 146
0.291855 3
0.823385 4
0.140757 4
0.104413 4
0.079353 4
0.116214 4
0.099937 4
0.120240 4
0.255722 4
0.739532 1
0.180467 1
0.386207 1
0.461974 1
0.336905 1
0.313386 1
0.357543 1
1.441149 1
0.143820 1
0.127080 1
0.099029 1
0.788892 1
0.143926 3
1.616577 11
0.036385 106
3.524410 52
1.022645 147
0.090578 3
0.613946 11
0.013482 106
16.196667 52
0.981703 147
0.431642 1
0.506135 1
0.030865 1
0.032385 1
0.031088 1
0.045735 1
0.032639 1
0.034303 1
0.029007 1
0.032490 1
0.031606 1
0.030627 1
0.032438 1
0.032165 1
0.030656 1
0.032729 1
0.031234 1
0.045824 1
0.031520 1
3.873732 1
0.239677 1
0.165166 1
0.144977 1
2.031339 5
0.178600 5
0.119299 5
0.101581 5
0.121980 5
0.121927 5
0.331930 5
0.272050 5
0.792266 25
0.479752 25
0.514816 3
0.031253 3
0.031773 3
0.031053 3
0.031169 3
0.031651 3
0.032094 3
0.030711 3
0.761674 35
0.184158 35
0.137782 35
0.141958 35
0.119813 35
0.119941 35
0.296135 35
0.288995 35
0.376656 50
0.336288 25
0.502021 3
0.031952 3
0.046524 3
0.032257 3
0.032073 3
0.032138 3
0.032104 3
0.031490 3
0.031786 3
0.031848 3
0.031340 3
0.031922 3
0.029757 3
0.046471 3
0.519660 4
0.158554 4
0.104441 4
0.119707 4
0.098192 4
0.121774 4
0.101877 4
0.214242 4
0.402084 20
0.446089 24
0.000169 9
0.011453 106
17.594233 38
0.706725 59
0.144966 3
0.558983 4
0.143180 4
0.161923 4
0.103048 4
0.080346 4
0.816118 4
0.178391 4
0.273331 4
2.852540 20
0.286098 23
0.235757 1
0.461297 3
0.295260 11
0.015501 106
3.484975 38
0.707478 59
0.085504 3
0.388502 11
0.051240 106
9.223187 22
0.701060 27
0.037846 3
0.584547 11
0.027119 25
0.008538 20
0.000419 27
2.316547 1
0.199034 1
0.349013 1
0.371210 1
0.128364 1
0.215476 1
0.312278 1
0.280533 1
0.143472 1
0.143891 1
0.120807 1
0.538176 2
0.000551 31
0.003844 37
0.000266 20
0.000188 51
0.000239 43
3.377844 2
3.045243 37
0.001164 13
2.593123 1
0.126824 1
0.199471 1
0.083247 1
1.047911 11
0.000044 11
4.999020 1
0.293773 1
0.633047 1
0.666639 1
0.356139 1
0.291322 1
0.373057 1
0.311764 1
0.179587 1
0.180342 1
0.256268 1
0.818919 2
0.000315 44
7.028618 2
2.860892 45
0.000009 5
162.009823 1
0.024544 1
0.718904 4
0.120767 4
0.081199 1
0.182949 1
0.135660 1
0.160087 1
0.175253 1
0.312011 11
0.000393 14
0.001330 106
1.454677 37
0.912839 67
0.002012 128
0.000310 106
20.820936 24
1.207666 32
0.000038 9
0.001470 141
0.000296 106
11.676213 30
0.844438 53
0.012242 8
0.000090 67
0.000207 58
0.000112 39
0.000404 511
0.000037 112
0.000089 202
1.244006 22
0.020242 22
0.231417 22
3.316461 22
0.163517 22
0.203490 22
0.164903 22
0.136873 23
0.350789 18
0.000060 1
0.505126 19
0.031415 18
0.000123 1
0.031659 19
0.032610 19
0.210130 19
0.513736 19
0.031960 19
0.032122 19
0.031320 19
0.030988 19
0.032281 27
0.000042 8
0.030528 19
0.032056 24
0.341947 26
0.808249 35
0.000317 18
0.710068 6
0.000202 29
1.754442 297
0.000382 161
0.321642 6
0.000330 45
0.003591 539
0.707872 6
0.000170 66
0.001846 106
53.276595 21
1.462968 11
0.014687 8
0.000132 67
0.000226 98
0.000431 393
0.000114 230
0.000139 119
0.000116 106
8.688300 6
0.000235 65
0.002625 106
30.277709 38
1.095944 69
0.049674 106
3.210282 22
0.828738 37
0.022092 25
0.003592 20
0.000136 27
3.171075 11
0.632425 2
0.000358 31
0.003814 37
0.000302 20
0.000250 51
0.000226 43
3.605466 2
0.049314 23
0.000312 67
0.000614 8
0.000028 5
23.790231 1
0.108886 1
0.913854 1
0.199303 1
0.711447 4
0.841820 1
0.216906 1
0.150156 1
0.200078 1
0.865171 1
0.343788 11
0.000438 46
3.295287 1
0.159160 1
0.146361 1
0.174796 1
0.096040 11
0.000414 14
0.001292 106
1.401608 39
1.404587 71
0.010852 8
0.000189 67
0.000284 56
0.000473 360
0.000133 263
0.000096 17
2.309573 6
0.000205 8
0.000074 29
0.000251 41
4.184434 175
0.000094 283
0.422262 6
0.000100 45
0.003687 317
0.000133 220
0.789375 6
0.000192 66
0.002090 106
59.594020 35
0.938657 63
0.012582 8
0.000159 67
0.000351 58
0.000195 41
0.000499 146
0.000112 477
0.000261 59
0.000128 291
0.000068 636
6.734832 22
0.041753 22
0.192632 22
0.021992 22
0.383300 22
0.017951 22
0.013962 22
0.007926 23
0.014383 23
0.209888 23
0.013795 23
0.007906 23
0.010640 23
0.187574 23
0.019886 23
0.005854 23
0.010117 23
0.005965 23
0.200105 18
0.000124 5
0.015756 31
0.012095 23
0.008007 23
0.010124 23
0.185943 23
0.020290 23
0.007575 18
0.000075 42
0.009942 18
0.000105 49
0.008000 139
0.193985 18
0.000117 119
0.009935 139
0.009886 18
0.000300 123
0.005858 18
0.000129 122
0.009902 34
0.000078 40
0.401721 21
0.012004 21
0.010037 21
0.014008 21
0.023846 21
0.470427 21
0.269787 21
0.855980 21
11.101648 35
0.000570 43
0.385111 18
0.000099 3
0.997436 6
0.000196 40
0.961315 6
0.000521 126
1.621475 109
0.000112 122
0.000126 66
0.000119 161
1.609296 6
0.000344 45
0.003628 407
0.000015 125
0.000081 8
0.803746 24
0.018326 26
0.013842 25
0.190176 26
0.011466 23
0.011957 30
0.000110 112
0.007978 144
0.240397 18
0.000078 125
0.216008 18
0.000093 51
0.017750 18
0.000110 41
0.005950 18
0.000097 44
0.008267 144
0.007925 45
0.000107 86
0.185535 18
0.000138 59
0.007998 18
0.000178 44
0.009746 18
0.000064 126
0.003879 18
0.000085 27
0.000097 101
0.009832 18
0.000096 115
0.167535 30
0.000209 59
0.017815 27
0.000089 43
0.007769 50
0.000066 96
0.010058 18
0.000155 68
0.005707 18
0.000123 84
0.280047 18
0.000088 49
0.011853 18
0.000131 128
0.014172 18
0.000029 86
0.011630 18
0.000093 58
0.248015 18
0.000122 17
0.000167 32
0.011730 50
0.000128 90
0.009834 18
0.000073 122
0.005887 6
0.000176 134
0.007788 18
0.000204 57
0.207984 68
0.016520 35
0.000133 32
0.007349 18
0.000154 96
0.010277 18
0.000159 52
0.007649 18
0.001016 49
0.526775 6
0.000031 29
0.000198 111
0.015615 18
0.000094 64
0.013760 67
0.010232 18
0.000050 130
0.016084 138
0.305917 18
0.000092 62
0.017671 86
0.008065 18
0.000134 76
0.009714 18
0.000095 49
0.009960 150
1.838246 18
0.000092 56
0.011585 18
0.000074 89
0.010058 18
0.000154 49
0.005761 18
0.000082 130
0.010069 149
0.204016 18
0.000105 76
0.019651 18
0.000087 49
0.009990 18
0.000137 122
0.009872 18
0.000118 81
0.007880 18
0.000149 49
0.178026 18
0.000104 124
0.015777 18
0.000108 84
0.012362 18
0.000102 49
0.007421 18
0.000107 130
0.011989 139
0.166054 35
0.000138 58
0.014052 18
0.000104 49
0.005661 35
0.000330 114
0.009455 18
0.000097 126
0.172074 18
0.000042 97
0.015968 18
0.000151 75
0.007845 18
0.000092 49
0.007977 50
0.000118 99
0.007652 18
0.000085 133
0.176168 113
0.010042 18
0.000231 131
0.010257 143
0.009675 18
0.000112 131
0.165745 18
0.000159 59
0.014782 35
0.000107 94
0.008808 98
0.008025 18
0.000156 82
0.167805 18
0.000103 49
0.013989 18
0.000106 106
0.012298 18
0.000110 97
0.007760 18
0.000083 49
0.011571 151
0.168077 18
0.000168 100
0.015655 18
0.000135 75
0.007748 18
0.000156 70
0.007995 18
0.000192 100
0.009890 18
0.000194 49
0.184439 35
0.000048 113
0.009946 50
0.000083 86
0.009223 18
0.000144 83
0.005767 18
0.000110 75
0.169896 18
0.000109 49
0.016467 149
0.011857 35
0.000155 113
0.005548 18
0.000105 80
0.007896 151
0.006020 18
0.000127 131
0.183861 35
0.000010 40
0.009886 18
0.000113 76
0.010128 18
0.000029 70
0.005935 18
0.000087 97
0.009708 18
0.000131 49
0.161908 147
0.024447 148
0.007690 18
0.000119 133
0.009644 151
0.006146 93
0.183925 18
0.000110 49
0.019866 18
0.000131 63
0.012026 18
0.000178 49
0.005752 18
0.000176 118
0.007812 18
0.000115 58
0.008019 35
0.000104 32
0.182224 6
0.000152 142
0.011794 35
0.000119 113
0.011337 18
0.000150 127
0.007795 18
0.000153 57
0.010048 18
0.000122 79
0.169874 18
0.000196 49
0.019707 18
0.000100 117
0.008305 35
0.000115 43
0.009531 18
0.000028 17
0.000156 32
0.003762 18
0.000133 130
0.007960 18
0.000114 80
0.184449 108
0.014142 35
0.000061 82
0.007737 64
0.008021 18
0.000114 66
0.003475 18
0.000122 64
0.021687 18
0.000177 45
0.612706 6
0.000095 29
0.000153 27
0.015210 62
0.011763 18
0.000147 48
0.017778 18
0.000168 56
0.678257 35
0.000136 15
0.019485 18
0.000214 48
0.013803 18
0.000175 119
2.172416 18
0.000094 72
0.011184 18
0.000162 32
0.010022 18
0.007779 18
0.009929 18
0.206332 18
0.015889 18
0.009811 18
0.012007 18
0.014118 18
0.381989 26
0.033980 21
0.040002 25
0.035862 22
1.959025 25
0.013607 26
0.013871 23
0.011999 24
0.204492 18
0.013836 18
0.011496 18
0.007921 18
0.460096 26
0.023769 21
0.843350 6
0.000278 66
0.001914 106
25.232687 26
0.140541 12
0.201610 48
0.799215 11
0.024478 25
0.003672 20
0.000097 27
5.931889 11
1.145523 2
0.000458 31
0.003330 37
0.000310 20
0.000206 51
0.000203 43
2.802917 2
0.049622 23
0.000315 67
0.000567 8
0.000030 5
3.435273 1
0.140530 1
0.123647 1
0.217762 1
1.199604 4
0.219228 4
0.118962 4
0.103321 4
0.418492 1
0.110253 1
0.764051 1
0.177689 1
0.711003 1
0.155882 1
0.142246 1
0.821020 1
0.352010 11
0.000636 46
1.216631 1
0.159243 1
0.480649 4
0.119448 4
0.103661 1
0.665519 1
0.080283 1
0.184205 1
0.088200 1
0.177061 22
1.388985 1
0.098357 1
0.215818 1
0.126210 1
0.199178 1
0.119897 1
0.178897 1
0.182033 1
0.519404 2
0.000444 58
0.000081 5
4.545999 1
0.141776 1
0.088218 1
0.160963 1
0.159089 11
0.000475 14
0.001410 106
1.741669 13
0.142902 39
0.464339 12
0.329743 48
0.678252 11
0.024161 25
0.002606 20
0.000128 27
1.605210 1
0.122881 1
0.221434 1
0.079441 1
0.264112 1
0.368736 1
0.199239 1
0.195836 1
0.540603 2
0.000242 31
0.002835 37
0.000355 20
0.000227 51
0.000200 43
3.076140 2
0.048021 23
0.000381 67
0.000478 8
0.000030 5
5.001706 1
1.229493 1
0.132258 1
0.290894 1
0.353027 1
0.344544 1
0.198621 1
0.159866 1
0.291223 1
0.406705 11
0.000473 41
0.000012 5
1.671718 1
0.157779 1
0.128012 1
0.161070 1
0.480296 4
0.183639 4
0.160191 4
0.231365 4
0.144046 1
0.233555 1
0.141943 1
0.155030 1
0.140716 1
0.481711 11
0.000558 14
0.001375 106
1.806172 13
3.030761 2
0.000027 9
0.026907 25
0.002490 20
0.000089 27
1.242225 1
0.120398 1
0.216530 1
0.366580 1
0.179719 1
0.216903 1
0.179749 1
0.184820 1
0.176273 1
0.384305 2
0.000304 31
0.003021 37
0.000236 20
0.000155 51
0.000203 63
0.000620 8
0.000127 5
33.990155 1
0.164111 1
0.143287 1
0.144482 1
0.135983 11
0.000253 14
0.001242 106
67.765853 34
0.984878 61
0.017789 8
0.061085 425
0.002422 11
0.002846 8
0.000011 98
16.836392 33
1.174817 59
0.074982 106
0.496486 24
0.179768 25
0.440652 11
0.014263 8
0.009288 941
0.000034 235
0.000102 11
0.002055 106
20.113401 13
0.905755 19
0.007002 577
0.000009 163
0.000007 48
0.000765 106
34.302250 20
0.853650 33
0.002384 16
0.000469 106
52.464920 44
1.035790 71
0.087139 3
0.487915 11
0.016050 37
0.001827 106
8.945297 25
1.385215 43
0.008133 64
0.000267 57
0.000577 155
0.000489 55
0.000189 128
0.000708 106
4.011744 27
1.469017 47
0.018137 68
24.898775 2
0.000093 8
0.000116 98
0.696555 56
0.957072 161
0.002404 162
0.000331 106
196.769881 31
1.139899 55
0.007129 68
0.034669 133
0.000067 61
0.014902 8
0.000078 98
10.849612 27
0.928484 47
0.005865 68
15.638127 2
0.000150 106
0.382526 27
0.780939 47
0.005295 68
2.051771 76
0.004387 50
0.001334 150
0.000111 2
0.001070 61
0.005808 106
25.574813 39
1.040399 71
0.002258 157
0.000370 106
477.090822 39
1.582320 61
0.304961 11
0.017616 8
0.007984 984
7.271635 59
0.653571 11
0.002677 106
0.846883 36
0.974412 65
0.089983 75
0.009231 106
8.502247 41
0.879138 75
0.068498 238
0.008630 106
46.897443 41
0.920582 75
0.059643 238
0.009043 106
25.788921 32
0.516933 11
0.070539 238
0.008390 106
13.319371 25
0.825822 43
0.015581 1804
0.000450 195
0.000526 197
0.000076 186
0.000425 225
0.000717 685
0.000944 91
0.000361 452
0.000108 63
0.000299 816
0.013104 76
0.020496 483
0.000163 1185
0.000037 685
0.000090 521
0.000079 357
0.000119 204
0.001087 91
0.000665 148
0.000392 693
0.000043 228
0.000153 92
0.000120 153
0.000236 168
0.000130 76
0.000145 76
0.000126 385
0.000334 318
0.000039 387
0.001698 106
3.371248 30
0.698040 53
0.018600 304
0.000339 140
0.000038 44
0.000052 7
0.000095 14
0.000641 5
0.000210 145
0.000117 130
0.000107 39
0.000488 113
0.000098 61
0.000114 11
0.000076 250
0.000459 204
0.000032 272
0.000129 266
0.000090 17
0.000133 99
0.000085 46
0.000064 132
0.000250 86
0.000089 124
0.000100 44
0.000234 273
0.000144 194
0.000085 41
0.000093 245
0.000083 172
0.000097 123
0.000099 393
0.000095 426
0.000219 180
0.000028 283
0.000082 109
0.000145 175
0.000030 30
0.000056 43
0.000058 33
0.000073 70
0.000106 4
0.000167 68
0.000099 16
0.000348 339
0.000023 54
0.000059 106
0.000064 162
0.000071 9
0.000187 367
0.000108 73
0.000107 19
0.000079 197
0.000166 25
0.000088 125
0.000306 85
0.000010 314
0.000462 44
0.000169 88
0.000469 238
0.000118 36
0.000120 260
0.000161 106
0.000099 31
0.000399 66
0.000189 213
0.000217 280
0.000065 33
0.000164 184
0.000069 132
0.000118 77
0.000065 132
0.000099 17
0.000063 167
0.000139 40
0.000093 48
0.000075 24
0.000056 13
0.000182 78
0.000600 66
0.000020 99
0.000257 691
0.000257 172
0.000242 222
0.000347 298
0.000094 714
0.000127 111
0.000094 80
0.000008 13
0.000185 113
0.000070 152
0.000184 307
0.000085 130
0.000139 101
0.000131 94
0.000117 281
0.000485 805
0.000021 309
0.000081 479
0.000125 172
0.000106 226
0.000036 76
0.000141 238
0.000138 321
0.000111 27
0.000032 354
0.000108 84
0.000147 71
0.000172 13
0.000076 446
0.000091 146
0.000056 43
0.000090 151
0.000140 203
0.000123 154
0.000089 171
0.000105 28
0.000473 56
0.000319 34
0.002106 106
4.490208 43
0.959850 79
0.010265 1083
4.344898 1
1.181119 3
0.631624 2
1.632317 2
1.104864 6
0.647066 2
0.015227 2
0.000097 106
163.814171 32
1.248693 48
0.000118 9
0.396333 33
0.009301 106
3.540275 33
0.941833 59
0.067438 1920
0.006811 106
51.211760 41
0.938444 75
0.066046 250
0.007881 106
20.365323 43
0.912432 79
0.010897 1030
6.068788 2
0.001966 2
0.000135 106
5.821472 56
0.889689 161
0.136518 8
0.002780 1034
0.000355 1545
6.684701 59
1.701707 12
0.002172 2
0.000168 106
0.684444 44
0.809359 81
0.046062 2982
0.000267 1701
0.000182 106
130.186850 33
0.959800 50
0.000157 9
0.065547 1920
0.007030 106
86.165607 59
1.197918 164
0.096656 3
0.008697 106
2.742529 41
0.808154 75
0.063925 238
0.009151 106
60.546541 26
1.036354 45
0.052410 56
3.187309 1
0.459340 2
0.203690 14
0.007704 106
67.000286 27
1.144392 47
0.051001 56
6.663787 1
0.861409 11
0.007992 106
0.472006 18
0.823569 4
0.967433 1
0.688902 11
0.049667 56
2.678239 1
2.354560 2
0.234842 19
0.010481 106
118.618743 35
1.035525 63
0.012659 8
0.000173 67
0.000251 58
0.000109 41
0.000511 182
0.000125 441
0.000251 350
0.000155 415
0.000027 128
0.000131 93
1.607168 18
0.027724 18
0.020260 18
0.054536 18
0.279427 22
0.033892 22
0.027973 22
0.266001 22
0.020159 22
0.029720 22
0.236791 22
0.023866 23
0.014164 23
0.021688 23
0.198457 23
0.015221 23
0.008388 23
0.015478 23
0.232098 23
0.015885 31
0.010380 23
0.013587 23
0.216827 23
0.015985 23
0.007723 23
0.007424 23
0.006764 23
0.215343 23
0.013155 23
0.011438 18
0.000112 51
0.005322 18
0.000133 66
0.011769 18
0.000129 48
0.214094 18
0.000055 31
0.017825 18
0.000120 42
0.007861 18
0.000119 49
0.011889 6
0.000126 133
0.007997 18
0.000139 119
0.817976 21
0.015659 21
0.030085 21
1.368061 21
0.018132 21
0.017753 21
0.028069 21
0.191964 21
0.019932 21
0.015942 21
0.034757 21
0.151288 21
0.019991 21
0.019978 21
0.167014 21
0.017170 21
0.046521 21
0.139480 21
0.017120 21
0.011139 21
0.044054 21
0.135605 18
0.000188 3
0.017730 21
0.018261 21
0.177919 21
0.011821 6
0.000061 38
0.000138 91
0.015791 18
0.000140 118
0.023984 18
0.000166 44
0.303771 22
0.012084 22
0.011882 22
0.010222 22
0.016028 22
0.200076 18
0.000128 4
0.015587 22
0.006453 23
0.011705 23
0.009882 23
0.402218 21
0.039803 21
0.378023 23
1.588823 21
0.512616 21
0.031659 21
0.031544 21
0.031997 21
0.031448 21
0.031351 21
0.031540 21
0.032010 21
0.032165 21
0.031755 21
0.032661 21
0.047056 21
0.031657 21
0.031133 21
0.031243 21
0.031355 21
0.032079 21
0.031086 21
0.032495 21
0.034252 21
0.028780 21
0.032490 21
0.046107 21
0.030146 21
0.032084 21
0.031215 21
0.032977 21
0.031355 21
0.031154 21
0.031306 21
0.031063 21
0.031702 21
0.031490 21
0.046537 21
0.032314 21
0.032721 21
0.030304 21
0.030408 21
0.032549 18
0.000214 3
0.030511 21
0.031337 21
0.031017 21
0.291290 21
0.599037 21
2.068388 35
0.000427 43
0.299420 6
0.000250 40
0.463894 21
2.776181 6
0.000396 28
34.728241 147
0.000155 311
0.520438 6
0.000238 45
0.003657 37
0.000176 483
0.000105 20
1.473938 6
0.000211 66
0.002313 106
2.305832 38
0.893000 69
0.062941 106
3.272177 32
0.808611 57
0.010448 106
11.446921 27
1.255409 47
0.023635 25
0.002753 20
0.000094 27
10.340478 1
0.199453 1
0.311036 1
0.256215 1
0.199855 1
1.177017 1
0.223304 1
0.199622 1
0.180523 1
0.126496 1
0.124960 1
0.514989 2
0.000240 31
0.003542 37
0.000305 20
0.000164 23
0.000061 28
0.000191 43
3.208535 2
0.056790 23
0.001071 67
0.000028 13
14.928216 1
0.160822 1
0.125137 1
0.143834 1
0.257418 11
0.000521 14
0.001838 106
0.726511 31
0.881050 55
0.023551 29
0.003026 20
0.000119 31
1.870046 1
0.102564 1
0.237330 1
0.159909 1
0.160965 1
0.142962 1
0.184089 1
0.177802 1
0.198003 2
0.000433 31
0.003471 37
0.000313 20
0.000186 51
0.000183 43
2.611650 2
0.052985 23
0.000371 67
0.000783 13
4.050597 1
0.184341 1
0.103878 1
0.143194 1
0.104913 11
0.000435 14
0.001335 106
0.817269 27
0.908016 47
0.005851 68
2.175923 76
0.005438 50
0.001821 158
0.000174 2
0.001102 61
0.006276 106
39.141168 45
1.073060 140
0.124768 3
0.401676 1
0.582529 7
0.506149 7
0.031816 7
0.032670 7
0.029193 7
0.033780 7
0.030134 7
0.047687 7
0.029954 7
0.032124 7
0.031609 7
0.032093 7
0.157166 7
0.124928 7
0.208977 7
0.120031 7
0.118926 7
0.216472 7
1.121427 3
2.158357 3
0.481077 4
0.462726 1
0.329206 3
0.398898 1
0.296725 7
0.327200 3
0.312656 11
0.051674 56
2.693256 1
0.633845 2
0.267739 14
0.008510 106
0.488441 17
4.639845 1
0.176975 3
0.919448 4
0.895785 1
0.915159 1
0.540927 11
0.052609 58
1.461419 1
1.087094 11
0.008374 106
0.526415 18
0.540137 1
0.195594 3
0.370720 4
0.877673 1
0.498649 2
0.000134 9
0.055292 65
1.575896 1
0.502951 11
0.009035 106
9.262552 18
1.255523 4
0.930863 1
0.782717 11
0.049698 58
2.508686 1
0.616853 11
0.008043 106
0.430721 18
0.136586 2
0.078868 2
0.099181 7
0.085882 35
0.097902 40
0.103562 46
0.120589 41
0.216094 68
0.254504 49
0.423741 38
0.367228 2
0.194485 7
0.140989 39
0.176183 38
0.330014 142
0.118079 49
0.096045 36
0.321733 152
0.143976 60
0.117872 50
0.121329 33
0.102778 47
0.216240 50
0.099585 31
0.100005 38
0.104422 8
0.119611 47
0.304222 51
0.138708 5
0.405745 43
0.096292 27
0.463633 45
0.346358 50
0.349978 45
0.159193 52
0.099020 29
0.101043 46
0.097983 56
0.480955 60
0.429555 50
1.007869 11
0.063137 1704
0.007829 106
2.889242 24
1.007764 28
1.049049 4
1.200226 1
0.649554 11
0.051473 56
1.429069 1
0.580781 2
0.206743 19
0.008419 106
9.091265 38
0.806279 69
0.059223 106
5.120194 27
0.995741 47
0.026192 25
0.002250 20
0.000101 27
8.139355 1
0.120485 1
0.223368 1
0.160114 1
0.159360 1
0.144935 1
0.193310 1
0.177723 1
0.364152 3
0.178989 1
0.429472 2
0.000638 31
0.003089 37
0.000257 20
0.000148 51
0.000224 43
2.301097 2
0.055234 23
0.000366 67
0.000438 13
2.161361 1
0.142332 1
0.102550 1
0.217159 1
0.158681 11
0.000573 14
0.001597 106
190.376111 18
1.027891 11
0.024044 25
0.002528 20
0.000113 27
2.293264 1
0.080792 1
0.239771 1
0.119489 1
0.183746 1
0.873250 1
0.183117 1
0.250763 1
0.861161 2
0.000466 31
0.004107 37
0.000300 20
0.000204 51
0.000228 43
1.378491 2
3.573679 37
0.000872 13
0.473583 1
0.120653 1
0.159037 1
0.112360 1
0.192927 11
0.000121 11
0.574749 1
0.179032 1
0.239776 1
0.143446 1
0.223700 1
0.200219 1
0.200400 1
0.329490 1
0.348251 2
0.000362 34
0.000122 10
1.122075 2
3.134972 45
0.000012 5
3.492733 1
0.156398 1
0.159027 1
0.221911 1
0.402191 11
0.000346 14
0.001445 8
0.000120 98
1.990924 18
0.317797 47
0.337983 52
0.276929 11
0.026361 25
0.004750 20
0.000156 27
3.889023 1
0.080613 1
0.219116 1
0.160592 1
0.182548 1
0.158885 1
0.182058 1
0.159947 1
0.368108 2
0.000307 31
0.003423 37
0.000276 20
0.000226 51
0.000237 34
0.000013 9
1.379480 2
2.797722 37
0.000863 8
0.000468 5
1.194128 1
0.159022 1
0.161848 1
0.065571 1
0.196700 11
0.000109 11
1.631594 1
0.083339 1
0.220818 1
0.160244 1
0.202179 1
0.215337 1
0.200196 1
0.182828 1
0.291348 2
0.000932 34
0.000110 10
1.210456 2
3.369250 37
0.000142 8
0.000113 5
2.118881 1
0.138592 1
0.166269 1
0.142802 1
0.136930 11
0.000355 14
0.001894 8
0.000035 98
0.724527 18
0.183930 47
0.139060 42
0.462341 37
0.374692 42
0.160356 24
0.215718 28
0.723964 24
0.444980 28
0.313867 2
0.294517 2
0.218547 7
0.180428 35
0.168810 40
0.630838 44
0.312796 40
0.273327 46
0.334116 41
0.215597 68
1.144108 68
0.193742 68
0.182251 49
0.346923 38
0.349490 2
0.216385 7
0.139075 39
0.118894 38
0.488185 43
1.526520 11
0.073549 238
0.008401 106
30.983589 43
0.805487 70
0.000191 9
0.074169 201
0.009467 106
172.330110 34
0.383782 11
0.070273 201
0.009953 106
13.826349 48
0.807575 153
0.062847 32
0.008272 106
122.762134 43
0.949718 79
0.018615 8
0.000231 67
0.001524 58
0.000342 40
0.000553 146
0.000177 477
0.000321 82
0.000090 371
0.000535 69
6.152863 6
0.000095 16
0.345835 18
0.000130 4
16.228404 22
0.311444 18
0.000061 4
0.511914 22
0.031958 22
0.032156 22
0.032541 23
0.031180 23
0.031731 23
0.031890 23
0.032755 23
0.030588 23
0.033495 23
0.029972 23
0.219021 23
0.218176 19
0.508517 19
0.032316 19
0.029962 34
0.030351 19
0.032553 19
0.030840 19
0.046505 19
0.031488 19
0.032105 19
0.030850 19
0.031585 19
20.040854 6
0.000217 29
0.000306 22
0.514875 18
0.000122 1
0.030247 18
0.000149 3
0.031040 19
0.032787 21
0.031053 21
0.030829 18
0.000099 3
0.031264 21
0.031316 18
0.000203 3
0.032391 21
0.032323 21
0.032839 22
0.031961 6
0.000162 43
0.031853 21
0.046863 21
0.031986 21
0.031985 21
0.031232 18
0.000048 3
0.031571 21
0.032178 21
0.031389 21
0.032766 21
0.029614 21
0.030922 18
0.000121 3
0.032300 21
0.047932 21
0.030815 21
0.031444 19
0.000012 2
0.031271 21
0.031467 18
0.000109 3
0.030193 19
0.032363 21
0.031961 18
0.000121 1
0.032210 21
0.032306 21
0.031550 21
0.034395 19
0.000099 2
0.030733 21
0.046646 21
0.032602 18
0.000131 4
0.031338 6
0.000160 43
0.031310 21
0.031940 21
0.031188 21
0.031585 18
0.000126 3
0.030989 21
0.031908 21
0.030480 21
0.032706 21
0.047448 21
0.031731 21
0.032663 18
0.000242 3
0.030331 21
0.031847 21
0.030587 21
0.032658 21
0.029627 21
0.032324 21
0.031252 19
0.033467 21
0.046740 19
0.031163 21
0.032875 21
0.031798 21
0.031520 22
0.032350 49
0.032527 21
0.031390 21
0.032980 21
0.031174 21
0.031981 19
0.030895 18
0.000120 3
0.033479 19
0.030644 21
0.046746 21
0.031381 21
0.031339 21
0.033162 6
0.000153 15
0.031827 21
0.031449 22
0.031579 48
0.029955 29
0.263821 21
0.154456 21
0.117701 21
0.102783 21
0.122983 6
0.000124 15
0.099931 18
0.000130 3
0.362783 22
2.609769 6
0.001128 200
0.000140 26
1.595446 6
0.000117 452
0.465909 6
0.000666 45
0.003747 70
0.000181 469
2.433255 22
0.183349 22
0.520336 35
0.000366 22
0.779120 19
1.411590 147
0.000089 311
0.578468 6
0.000104 45
0.014603 29
0.000207 510
7.079755 6
0.000174 66
0.002957 106
4.564007 47
0.824584 152
0.064804 186
0.008185 106
17.623114 40
1.008222 73
0.786391 106
0.717309 31
0.254263 59
0.593360 11
0.066650 186
0.008490 106
5.148539 43
2.248605 70
0.000189 9
0.078642 201
0.010185 106
12.063897 31
1.368582 46
0.000150 9
0.029036 29
0.003634 20
0.000189 31
1.747911 1
0.081927 1
0.198109 1
0.120776 1
0.167372 1
0.120715 1
0.199120 1
0.199799 1
0.296640 2
0.000285 31
0.003993 37
0.000281 20
0.000194 51
0.000234 43
1.474726 2
3.264961 37
0.001572 8
0.000128 5
2.142185 1
0.081187 1
0.165837 1
0.063821 1
0.386325 11
0.000147 11
1.857551 1
0.140946 1
0.218313 1
0.141751 1
0.184795 1
0.142925 1
0.160261 1
0.176819 1
0.238071 2
0.000365 34
0.000112 10
1.114650 2
3.305415 45
0.000075 5
3.659657 1
0.104404 1
0.154800 1
0.068505 1
0.329240 22
1.574712 1
0.120703 1
0.216286 1
0.144185 1
0.159757 1
0.223176 1
0.159920 1
0.216204 1
0.443869 2
0.000332 44
1.099915 2
3.282484 50
2.109302 1
0.120665 1
0.183078 1
0.064018 1
0.291135 22
1.312092 1
0.103595 1
0.222182 1
0.118873 1
0.203104 1
0.164830 1
0.178063 1
0.160942 1
0.238236 2
0.000216 87
0.000037 5
9.967176 1
0.183959 1
0.136111 1
0.143719 1
0.290686 11
0.001350 106
0.388050 22
1.082909 56
1.180931 11
0.075519 214
0.010847 106
8.456240 54
1.691235 150
0.000166 9
0.000257 56
0.000125 106
4.983676 39
0.845797 71
0.012445 1382
8.405301 2
0.016297 2
0.000169 106
88.743745 62
1.100816 158
0.000116 9
0.103101 3
0.009090 106
36.239958 43
0.823840 79
0.067852 201
0.009807 106
16.754262 34
0.384309 43
2.048184 48
4.417771 37
2.244941 34
1.312502 37
75.162417 1
0.084462 1
0.120101 1
0.537749 1
0.137181 1
0.215808 4
0.159066 4
0.085886 4
0.232165 1
0.104087 1
0.194759 1
0.181473 1
0.384718 1
0.271058 1
0.161764 1
0.142320 1
0.345842 1
0.238010 1
0.199914 1
0.177818 1
0.534528 1
0.896775 1
0.046761 1
0.160026 1
0.216849 1
0.335340 1
0.183893 1
0.160240 1
0.311836 1
0.520121 1
0.159733 1
0.104934 1
0.136710 1
0.143547 1
0.310855 11
0.139731 106
167.013490 47
1.301233 143
0.000133 9
0.037611 239
290.162190 2
0.018448 2
0.000241 106
0.581238 70
0.933392 166
0.000105 9
0.049358 998
0.000042 998
0.002059 106
47.137989 27
0.957176 47
0.072821 85
0.000067 85
0.000162 85
0.000105 87
0.000578 152
0.000178 195
0.000113 85
0.000111 156
0.000109 108
10.154909 85
33.189980 85
2.348660 2
0.004291 2
0.000198 106
0.607816 27
0.825394 38
0.000237 9
0.018379 541
0.000469 314
0.000622 106
51.913000 51
1.434428 156
0.036753 8
0.000170 67
0.000295 127
0.000570 146
0.000115 494
5.337421 71
0.002347 106
135.264367 43
1.011545 79
0.023399 106
4.380671 61
1.158895 166
0.024256 106
24.512360 40
2.644151 64
0.000137 9
0.002292 676
41.741229 2
0.014286 2
0.000126 106
0.503389 30
0.876091 53
0.006374 115
0.000510 106
66.303505 19
0.880917 31
0.011503 106
40.718176 30
0.862626 44
0.000091 9
0.006377 115
0.000463 106
43.335878 21
2.374227 11
0.006019 115
0.000439 106
45.078754 1
0.090048 1
0.120068 1
0.159627 1
0.200435 1
0.136062 1
1.202050 1
0.913169 1
0.660393 1
0.728734 1
0.145020 1
0.458429 1
0.119189 1
0.430174 1
0.154562 1
0.198923 1
0.137471 1
0.086640 1
0.217635 11
0.011249 541
0.000037 314
0.000411 106
123.518557 45
0.818109 141
0.000140 9
0.108180 445
0.008585 106
1575.832315 32
0.900331 48
0.000113 9
0.006568 30
4.742376 2
0.112969 1619
0.007489 106
25.427002 23
0.939592 39
0.029299 1452
0.000034 3012
0.001785 106
120.406025 36
0.922602 56
0.000108 9
0.081332 75
0.008092 106
102.023051 34
0.880066 1
0.000107 49
0.407298 4
0.125525 4
0.360274 4
0.105974 4
0.137373 4
0.165423 4
0.183074 4
0.312993 1
0.254890 4
0.216221 4
0.119845 1
1.802065 11
0.050364 60
1.998902 1
1.125138 2
0.278495 14
0.007836 106
1.475073 17
1.206250 4
15.616365 1
0.087124 1
0.256382 11
0.049400 56
11.735197 1
1.707141 2
0.188269 19
0.007588 106
1.360963 18
1.448698 11
0.048059 56
2.999574 1
0.559879 11
0.008280 106
0.392188 18
0.727887 4
0.727284 1
0.632405 11
0.049815 60
1.389555 1
0.503721 2
0.275232 19
0.007842 106
64.978846 33
0.851521 50
0.000042 9
0.060728 1416
0.007572 106
8.241279 24
0.136452 28
1.255841 4
0.479508 11
0.052404 56
1.164363 1
0.498110 2
0.239504 14
0.008298 106
0.421012 17
0.464638 23
0.439814 11
0.062653 1344
0.008070 106
190.242082 31
1.102407 46
0.000129 9
0.028185 68
2.401482 68
0.007084 50
0.001929 148
0.000180 2
0.001708 61
0.007863 106
69.547895 30
1.730284 43
0.088660 3
0.463530 11
0.005935 68
15.723048 68
0.000165 48
0.001392 3098
0.000038 1774
0.001736 158
0.015880 106
123.069266 103
0.022486 103
0.030839 103
0.033130 103
0.033367 103
0.041131 103
0.075840 103
0.049757 103
0.073697 103
0.038460 103
0.052944 103
0.118718 103
0.072517 103
0.193690 103
9.823897 1
0.119292 1
0.122633 1
0.085825 1
0.391966 1
0.119513 1
0.168253 2
0.000113 9
1.977136 106
1153.768543 103
18.621018 1
0.199572 1
0.181867 1
0.234870 1
1.408740 2
0.000101 9
0.000207 6
