0.384960 106
3.918403 51
1.424041 156
0.040555 31
0.001594 106
603.466187 56
1.105661 152
0.000200 9
0.029902 30
5.950513 2
0.121200 106
9.188869 180
1.243022 188
1.538645 212
0.000255 26
0.005634 8
0.000089 98
312.660611 145
0.631921 332
1.200020 11
0.105337 106
620.760487 47
0.711693 248
0.481703 332
0.598227 149
0.711742 140
0.368921 44
0.312568 19
0.294325 33
0.180285 24
0.228277 26
0.295585 24
0.161822 51
0.126048 32
0.371223 29
0.302109 32
0.178165 36
0.164483 50
0.138021 160
0.295109 162
0.295928 82
1.240452 11
0.035474 8
0.000123 67
0.000700 58
0.000588 40
0.000196 623
0.000337 201
0.000083 66
0.000186 329
0.000024 60
0.842283 22
0.182674 22
0.119934 22
1.952714 22
0.159547 22
0.160771 22
0.176062 22
0.136999 23
0.197971 23
3.272208 18
0.000130 3
0.223728 21
0.497035 21
0.200053 21
21.833626 22
0.250067 22
0.022506 23
0.038115 23
0.545832 23
0.017938 23
0.010049 31
0.014006 23
0.207481 23
0.019969 23
0.009944 23
0.018009 23
0.202149 23
0.013849 23
0.010060 23
0.014159 23
0.197931 23
0.018115 23
0.007741 23
0.010031 23
0.206086 18
0.000100 33
0.017863 49
0.008057 18
0.000121 44
0.015784 18
0.000102 72
0.280044 18
0.000099 31
0.017691 34
0.000140 65
0.011955 18
0.000130 60
1.531888 21
0.011970 21
0.011918 21
0.016077 21
0.174006 18
0.000061 3
0.013899 21
0.017944 21
0.148100 21
0.023983 18
0.000129 3
0.013840 21
0.039981 21
0.122183 21
0.016168 21
0.011686 21
0.026120 21
0.130080 18
0.000070 3
0.019737 21
0.019943 21
0.141921 21
0.018142 21
0.153923 21
0.018002 21
0.018019 21
0.030022 21
0.144622 21
0.011347 18
0.000141 26
0.017879 44
0.000100 41
0.151900 44
0.000179 43
0.023886 18
0.000184 26
0.013771 68
0.030168 18
0.000061 39
0.145964 18
0.000077 35
0.019674 18
0.018124 18
0.153891 18
0.015968 18
0.032005 18
0.645989 22
1.192044 22
19.559996 6
0.000149 65
0.003295 106
2.348627 1
0.128340 1
0.682127 1
2.221625 1
0.350872 1
0.183915 1
0.177292 1
0.695050 4
0.136622 4
0.200555 4
0.233411 4
1.345700 1
2.299143 4
0.511595 4
0.054830 4
0.005518 4
0.041899 1
0.031061 1
0.029421 1
0.033162 1
0.029239 1
0.032213 1
157.576602 47
0.633624 160
0.241208 248
0.216050 332
0.348683 149
0.183684 140
0.363274 44
0.428733 19
0.371259 33
0.388830 24
0.336688 26
0.335329 24
0.239849 51
0.648171 32
0.354535 36
0.998404 11
0.041724 66
0.000365 68
0.002782 106
0.628494 13
0.406396 48
0.314165 160
0.180824 248
0.116145 332
0.212853 149
0.239008 140
0.136286 44
0.079674 19
0.120194 33
0.249252 24
0.182795 26
0.137733 24
0.422607 51
0.160476 32
0.103125 36
0.455774 50
0.512690 129
0.271169 31
0.841401 11
0.301428 106
27.475799 213
3.714211 205
0.000085 9
0.039456 348
0.008092 129
0.000009 30
0.000296 189
0.032012 364
0.000012 104
0.000086 1720
0.000029 2
0.000218 3695
0.000313 4095
0.000243 4095
0.000221 4095
0.000261 4095
0.000277 4095
0.000255 4095
0.000263 4095
0.000376 4095
0.000291 4095
0.000255 4095
0.000268 4095
0.000249 4095
0.000284 4095
0.000254 4095
0.000231 4095
0.000266 4095
0.000238 4095
0.000035 325
0.006970 131
0.000011 30
0.000053 188
0.001224 106
3.760795 103
0.042914 103
0.016524 103
0.033422 103
0.034944 103
0.041370 103
0.034028 103
0.039573 103
0.152565 103
89.274619 51
0.920114 36
0.734714 21
0.195674 6
0.140793 67
0.119157 36
0.136920 48
0.440612 51
0.406424 31
0.976839 36
0.215041 48
0.600920 160
0.199869 248
0.423466 332
2.504923 11
0.085951 106
29.438774 213
1.603952 214
0.036897 348
0.008281 348
0.030398 396
0.000009 31
0.000081 1254
0.000025 100
0.000032 15
0.000295 2041
0.000287 4095
0.000294 4095
0.000245 4095
0.000229 4095
0.000261 4095
0.000311 4095
0.000305 4095
0.000266 4095
0.000268 4095
0.000298 4095
0.000263 4095
0.000247 4095
0.000246 4095
0.000256 4095
0.000232 4095
0.000221 4095
0.000271 4095
0.000032 2373
0.006713 349
0.000944 106
275.333874 51
0.365347 36
0.199868 21
0.256022 6
0.465111 82
2.774327 11
0.066107 106
0.416849 47
0.174755 154
0.141182 36
0.344821 21
0.199747 6
0.159472 82
0.103553 154
0.472220 36
0.290822 32
0.140969 154
0.099996 143
0.383307 6
0.200091 6
0.125585 82
0.762296 154
0.181734 36
0.158954 21
0.115927 6
0.124183 67
0.099908 36
0.123904 48
0.362559 51
0.405548 31
1.049362 11
0.091882 106
22.545519 213
3.027424 205
0.000233 9
0.007965 159
0.000007 33
0.000061 156
0.007584 192
0.000022 107
0.000030 49
0.032943 243
0.000052 390
0.000008 42
0.000446 3162
0.000324 4095
0.000311 4095
0.000293 4095
0.000230 4095
0.000228 4095
0.000226 4095
0.000283 4095
0.000431 4095
0.000256 4095
0.000236 4095
0.000273 4095
0.000243 4095
0.000357 4095
0.000252 4095
0.000245 4095
0.000202 4095
0.000195 4095
0.000173 2373
0.006166 161
0.000027 28
0.000031 160
0.001214 106
165.007116 51
1.690266 36
0.537347 1
0.166809 1
0.508921 1
0.031697 1
0.031407 1
0.031204 1
0.193862 1
0.161909 1
0.182027 1
0.120076 1
4.664397 25
0.193709 25
0.310939 25
0.178185 25
0.277075 25
0.424866 25
1.086998 3
0.200723 3
0.295203 3
1.000139 2
0.000227 9
0.053603 169
0.000055 154
0.000044 147
0.000413 4095
0.000404 4095
0.000359 4095
0.000256 4095
0.000307 4095
0.000254 4095
0.000250 4095
0.000254 4095
0.000310 4095
0.000217 4095
0.000255 4095
0.000221 4095
0.000224 4095
0.000263 4095
0.000261 4095
0.000222 4095
0.000201 4095
0.000206 4095
0.000232 1645
0.001666 106
45.011144 41
0.159784 30
0.673157 36
0.192564 21
0.165956 6
0.272010 67
0.936291 63
0.218655 67
0.182878 29
0.184136 154
0.710163 36
0.199919 21
0.344458 6
0.231745 6
29.177360 4
0.504985 4
0.030103 4
0.031938 4
0.032989 4
0.030342 4
0.046439 4
0.032187 4
0.032356 4
0.030626 4
0.031463 4
0.030705 4
0.031899 4
0.031831 4
0.031537 4
0.032916 4
0.031124 4
0.046627 4
0.030975 4
0.031352 4
0.031825 4
0.031752 4
0.032655 4
0.030225 4
0.032040 4
0.033373 4
0.031658 4
0.033732 4
0.045045 4
0.031556 4
0.031558 4
0.034422 4
0.027757 4
0.030974 4
0.031433 4
0.030358 1
0.030923 1
0.047103 1
0.032119 1
0.031437 1
0.032787 1
0.031212 1
0.309712 35
1.108211 82
1.427419 11
0.082351 106
0.285177 47
0.165690 148
0.139473 30
0.443759 36
0.255766 21
0.155956 6
0.175192 67
0.140777 29
0.384258 32
0.619921 11
0.110257 106
84.173441 28
0.591863 29
0.844580 11
0.075234 106
0.304172 47
0.463756 32
0.464460 11
0.118333 106
390.751843 39
1.094547 62
0.000176 9
0.044677 243
0.000008 42
0.000191 494
0.002538 106
663.486683 213
1.284092 203
0.000034 2
0.000338 9
0.010531 192
0.000008 65
0.000090 91
0.008249 348
0.017625 169
0.000013 33
0.000007 119
0.000102 149
0.000117 3409
0.000375 4095
0.000267 4095
0.000271 4095
0.000257 4095
0.000296 4095
0.000294 4095
0.000276 4095
0.000277 4095
0.000343 4095
0.000256 4095
0.000275 4095
0.000282 4095
0.000303 4095
0.000365 4095
0.000260 4095
0.000388 4095
0.000323 4095
0.000330 2373
0.006442 349
0.001151 106
9.991540 51
0.198467 36
0.367464 21
0.311502 6
0.273051 57
0.256249 62
0.558824 29
0.746245 11
0.021664 30
7.995248 2
1.938911 19
0.000130 30
7.355872 2
0.091085 106
1.090832 47
0.800011 154
0.587037 36
0.349253 21
0.232552 6
0.159965 57
0.118843 62
0.098971 29
0.557132 32
1.088364 11
0.092385 106
33.679088 213
2.244893 205
0.000243 9
0.010239 49
0.000063 299
0.008241 348
0.038935 169
0.000013 33
0.000007 41
0.000045 282
0.000009 209
0.000031 51
0.000026 361
0.000037 390
0.000034 722
0.000292 1621
0.000466 8192
0.000293 4095
0.000253 4095
0.000219 4095
0.000363 4095
0.000300 4095
0.000278 4095
0.000291 4095
0.000275 4095
0.000270 4095
0.000261 4095
0.000334 4095
0.000323 4095
0.000321 4095
0.000314 4095
0.000282 4095
0.000037 2371
0.007818 349
0.001516 106
162.533960 51
0.616735 36
0.310525 21
0.199936 6
0.255970 67
0.785548 29
0.537996 11
0.073147 8
0.000032 98
0.302369 47
0.184804 154
0.382102 36
0.206139 21
0.291372 6
0.257481 67
0.772573 11
0.150601 106
794.719364 64
0.965330 160
0.000570 9
0.044009 161
0.000091 188
0.002568 106
10.330938 60
0.990515 156
0.000160 9
0.007695 192
0.000076 157
0.002163 106
181.736903 183
1.583269 190
0.000160 9
0.011638 26
0.001471 106
58.405833 148
0.744338 339
0.350518 44
0.296223 136
0.216120 29
0.192293 154
0.591609 36
0.313819 21
0.264726 6
0.200112 67
0.462113 29
0.727822 32
0.335911 29
0.215212 11
0.025657 30
4.646257 2
0.124155 106
0.372873 47
0.159171 251
0.202664 339
1.134828 44
0.161321 136
0.102373 29
0.121007 154
0.120258 36
0.233236 21
0.141072 6
0.330778 67
0.117843 29
0.519419 154
0.418278 154
0.126406 32
0.649380 11
0.116649 106
209.529858 40
1.371621 73
0.349882 79
0.010087 106
2.840539 1
0.042153 1
0.139989 1
0.066659 1
0.237054 1
0.120030 1
0.059890 1
0.534478 1
0.501574 1
0.520222 1
0.143977 1
0.178693 1
0.165037 1
0.136989 1
0.160081 1
0.104593 1
0.991586 1
0.818086 1
0.276766 1
0.176183 1
0.346920 1
0.101300 1
0.536522 11
0.038052 29
0.099844 64
0.017975 64
0.033521 66
0.091045 70
0.000670 33
0.000926 37
0.129665 179
0.000125 439
0.000210 233
0.000213 551
0.000131 139
0.000939 54
0.000303 20
0.109606 47
0.000280 26
0.050426 64
0.050458 134
1.839149 1
0.747122 3
0.765680 1
0.784035 2
0.007361 22
0.122215 165
0.123459 65
0.036610 149
0.080210 104
0.352765 16
0.041392 82
0.012138 337
0.036234 26
0.043086 26
0.039466 26
0.041503 26
0.039933 26
0.040674 26
0.036947 100
0.002261 62
0.000192 149
0.000197 149
0.007762 42
0.069261 149
0.042335 48
0.006860 206
0.007086 35
0.097944 149
0.053766 43
0.006550 149
0.007049 149
0.006713 36
0.013716 149
0.006855 149
0.006959 53
1.604035 20
0.210846 106
2.194802 22
0.824715 53
1.174962 11
0.094147 93
0.116565 145
0.000013 77
0.000065 31
0.003603 93
0.000092 73
0.000058 137
0.000027 70
0.000043 68
0.000103 239
0.489370 76
7.989473 214
0.000142 20
0.005985 106
104.034499 36
1.329066 56
0.000082 9
0.093433 106
262.121789 27
1.152638 11
0.071083 106
27.883660 45
1.382180 140
0.219828 3
0.594630 2
0.000136 9
0.030050 157
0.004336 106
107.831749 64
1.373578 169
0.049915 4095
0.000421 4095
0.000266 4095
0.000299 4095
0.000391 4095
0.000252 4095
0.000245 4095
0.000272 4095
0.000227 4095
0.000235 4095
0.000225 4095
0.000232 4095
0.000233 4095
0.000233 4095
0.000248 4095
0.000241 4095
0.000391 4095
0.000304 4095
0.000046 1378
0.010207 7196
0.000278 4095
0.000277 4095
0.000255 4095
0.000308 4095
0.000293 4095
0.000321 4095
0.000257 4095
0.000287 4095
0.000371 4095
0.000246 4095
0.000263 4095
0.000262 4095
0.000245 4095
0.000263 4095
0.000217 4095
0.000212 4095
0.000040 2372
0.008848 2076
0.000283 4095
0.000203 4095
0.000267 4095
0.000322 4095
0.000274 4095
0.000272 4095
0.000268 4095
0.000255 4095
0.000269 4095
0.000258 4095
0.000273 4095
0.000252 4095
0.000243 4095
0.000239 4095
0.000261 4095
0.000208 4095
0.000217 4095
0.000186 3397
0.008590 4095
0.000305 4095
0.000295 4095
0.000282 4095
0.000304 4095
0.000261 4095
0.000358 4095
0.000338 4095
0.000271 4095
0.000282 4095
0.000263 4095
0.000250 4095
0.000242 4095
0.000242 4095
0.000295 4095
0.000210 4095
0.000216 4095
0.000219 4095
0.000033 1378
0.008287 4095
0.000323 3101
0.000348 4095
0.000300 4095
0.000333 4095
0.000326 4095
0.000270 4095
0.000250 4095
0.000404 4095
0.000254 4095
0.000273 4095
0.000229 4095
0.000255 4095
0.000240 4095
0.000294 4095
0.000250 4095
0.000217 4095
0.000291 4095
0.000039 2372
0.008297 4095
0.000246 4095
0.000435 8192
0.000239 3870
0.000267 4095
0.000284 4095
0.000299 4095
0.000275 4095
0.000270 4095
0.000272 4095
0.000274 4095
0.000275 4095
0.000299 4095
0.000401 4095
0.000278 4095
0.000331 4095
0.000250 4095
0.000242 1601
0.009112 4124
0.000317 4095
0.000269 4095
0.000245 4095
0.000237 4095
0.000244 4095
0.000276 4095
0.000269 4095
0.000271 4095
0.000268 4095
0.000255 4095
0.000254 4095
0.000260 4095
0.000249 4095
0.000281 4095
0.000214 4095
0.000211 4095
0.000207 4095
0.000030 1349
0.007879 1479
0.000355 4095
0.000257 4095
0.000258 4095
0.000230 4095
0.000244 4095
0.000260 4095
0.000207 4095
0.000273 4095
0.000263 4095
0.000250 4095
0.000240 4095
0.000244 4095
0.000246 4095
0.000249 4095
0.000219 4095
0.000199 4095
0.000222 4095
0.000202 3994
0.009042 4095
0.000288 4095
0.000277 4095
0.000266 4095
0.000262 4095
0.000292 4095
0.000259 4095
0.000261 4095
0.000310 4095
0.000267 4095
0.000243 4095
0.000242 4095
0.000264 4095
0.000238 4095
0.000238 4095
0.000258 4095
0.000200 4095
0.000194 4095
0.000195 1378
0.007574 4095
0.000268 4095
0.000320 4095
0.000265 4095
0.000251 4095
0.000239 4095
0.000333 4095
0.000358 4095
0.000556 4095
0.000380 4095
0.000265 4095
0.000221 4095
0.000273 4095
0.000246 4095
0.000279 4095
0.000237 4095
0.000307 4095
0.000212 4095
0.000034 1378
0.007989 4095
0.000314 4095
0.000384 4095
0.000366 4095
0.000500 4095
0.000299 4095
0.000271 4095
0.000274 4095
0.000249 4095
0.000266 4095
0.000269 4095
0.000268 4095
0.000273 4095
0.000270 4095
0.000258 4095
0.000232 4095
0.000225 4095
0.000282 4095
0.000037 1378
0.008572 4095
0.000284 4095
0.000277 4095
0.000279 4095
0.000269 4095
0.000269 4095
0.000259 4095
0.000274 4095
0.000262 4095
0.000277 4095
0.000259 4095
0.000260 4095
0.000324 4095
0.000265 4095
0.000335 4095
0.000286 4095
0.000232 4095
0.000224 4095
0.000221 1378
0.007644 2076
0.000354 4095
0.000266 4095
0.000257 4095
0.000217 4095
0.000214 4095
0.000239 4095
0.000227 4095
0.000242 4095
0.000248 4095
0.000237 4095
0.000254 4095
0.000281 4095
0.000260 4095
0.000282 4095
0.000244 4095
0.000196 4095
0.000218 4095
0.000234 3397
0.007859 4095
0.000398 4095
0.000330 4095
0.000415 4095
0.000279 4095
0.000215 4095
0.000271 4095
0.000272 4095
0.000342 4095
0.000323 4095
0.000264 4095
0.000353 4095
0.000238 4095
0.000246 4095
0.000246 4095
0.000235 4095
0.000222 4095
0.000213 4095
0.000030 1378
0.007596 7196
0.000285 4095
0.000281 4095
0.000281 4095
0.000305 4095
0.000412 4095
0.000368 4095
0.000271 4095
0.000264 4095
0.000243 4095
0.000264 4095
0.000237 4095
0.000234 4095
0.000259 4095
0.000248 4095
0.000201 4095
0.000217 4095
0.000219 2372
0.007381 4095
0.000292 4095
0.000266 4095
0.000241 4095
0.000283 4095
0.000286 4095
0.000276 4095
0.000313 4095
0.000281 4095
0.000269 4095
0.000268 4095
0.000239 4095
0.000269 4095
0.000285 4095
0.000252 4095
0.000205 4095
0.000222 4095
0.000212 4095
0.000035 1378
0.007370 4095
0.000362 4095
0.000245 4095
0.000260 4095
0.000267 4095
0.000255 4095
0.000246 4095
0.000238 4095
0.000271 4095
0.000235 4095
0.000246 4095
0.000234 4095
0.000238 4095
0.000250 4095
0.000273 4095
0.000220 4095
0.000205 4095
0.000208 4095
0.000037 1378
0.007354 1479
0.000320 4095
0.000311 4095
0.000316 4095
0.000313 4095
0.000287 4095
0.000272 4095
0.000274 4095
0.000389 4095
0.000268 4095
0.000306 4095
0.000412 4095
0.000242 4095
0.000249 4095
0.000257 4095
0.000281 4095
0.000267 4095
0.000226 4095
0.000222 3994
0.007107 4095
0.000301 4095
0.000297 4095
0.000264 4095
0.000259 4095
0.000258 4095
0.000244 4095
0.000287 4095
0.000351 4095
0.000272 4095
0.000245 4095
0.000271 4095
0.000279 4095
0.000283 4095
0.000294 4095
0.000298 4095
0.000227 4095
0.000241 4095
0.000031 1378
0.007271 4095
0.000281 4095
0.000271 4095
0.000270 4095
0.000267 4095
0.000276 4095
0.000269 4095
0.000237 4095
0.000232 4095
0.000256 4095
0.000235 4095
0.000240 4095
0.000226 4095
0.000193 4095
0.000258 4095
0.000223 4095
0.000230 4095
0.000214 4095
0.000037 1378
0.007286 2076
0.000455 4095
0.000308 4095
0.000384 4095
0.000327 4095
0.000302 4095
0.000274 4095
0.000274 4095
0.000254 4095
0.000406 4095
0.000273 4095
0.000253 4095
0.000229 4095
0.000241 4095
0.000245 4095
0.000253 4095
0.000214 4095
0.000215 4095
0.000194 3397
0.007285 1479
0.000291 4095
0.000274 4095
0.000271 4095
0.000259 4095
0.000268 4095
0.000254 4095
0.000337 4095
0.000347 4095
0.000294 4095
0.000278 4095
0.000276 4095
0.000234 4095
0.000257 4095
0.000263 4095
0.000295 4095
0.000283 4095
0.000238 4095
0.000239 3994
0.017321 197
0.007503 197
0.007331 197
0.007895 197
0.007241 197
0.007139 197
0.007046 197
0.007481 197
0.007599 197
0.007260 197
0.007201 197
0.007527 197
0.007026 197
0.007140 177
0.000009 10
0.000057 10
0.009689 8192
0.000318 4095
0.000306 4095
0.000285 4095
0.000266 4095
0.000265 4095
0.000233 4095
0.000272 4095
0.000269 4095
0.000264 4095
0.000268 4095
0.000300 4095
0.000242 4095
0.000257 4095
0.000215 4095
0.000217 4095
0.000213 4095
0.000036 1376
0.006132 197
0.007193 197
0.007196 197
0.007634 148
0.000012 39
0.000010 10
0.007585 197
0.007972 197
0.007305 197
0.007391 197
0.007105 197
0.007153 197
0.007120 197
0.007710 197
0.007133 197
0.007906 197
0.009080 197
0.007979 197
0.007673 197
0.007441 7
0.000062 190
0.009101 197
0.007043 197
0.007267 197
0.006913 197
0.006975 177
0.000029 20
0.007759 197
0.007468 197
0.009188 4095
0.000278 4095
0.000282 4095
0.000284 4095
0.000260 4095
0.000266 4095
0.000293 4095
0.000281 4095
0.000323 4095
0.000268 4095
0.000264 4095
0.000421 4095
0.000251 4095
0.000242 4095
0.000245 4095
0.000275 4095
0.000252 4095
0.000212 4095
0.000036 1378
0.006495 197
0.007661 197
0.007839 197
0.008334 197
0.007276 197
0.007425 197
0.007155 197
0.007083 197
0.006965 197
0.007493 197
0.007004 197
0.007515 197
0.007335 187
0.000051 10
0.007291 197
0.007734 197
0.007451 197
0.007026 197
0.006972 197
0.008330 197
0.007827 197
0.008363 197
0.007249 197
0.006785 197
0.007143 197
0.006702 197
0.007851 197
0.008670 2076
0.000442 4095
0.000326 4095
0.000267 4095
0.000283 4095
0.000288 4095
0.000293 4095
0.000244 4095
0.000283 4095
0.000257 4095
0.000258 4095
0.000250 4095
0.000472 4095
0.000476 4095
0.000426 4095
0.000286 4095
0.000305 4095
0.000292 4095
0.000219 3397
0.006157 197
0.007589 197
0.008149 148
0.000038 49
0.007710 84
0.000007 64
0.000125 49
0.008250 177
0.000011 10
0.000007 10
0.007900 197
0.007503 148
0.000031 29
0.000010 20
0.007616 197
0.007953 197
0.007342 197
0.001437 106
6.350574 103
0.074880 103
0.092166 103
0.208605 103
332.632385 55
0.518434 144
0.750604 158
5.223797 1
0.512635 1
0.029988 1
0.030669 1
0.031731 1
0.031816 1
0.032336 1
0.030990 1
0.030903 1
0.048073 1
0.030566 1
0.031714 1
0.031286 1
0.031045 1
0.032092 1
0.031853 1
0.031544 1
0.031766 1
0.031942 1
0.032049 1
0.045993 1
0.030812 1
0.031253 1
0.031871 1
0.033567 1
0.029361 1
0.031008 1
0.033704 1
0.028497 1
0.048802 1
0.311849 1
0.515292 1
0.032750 1
0.919104 1
0.502993 1
0.032129 1
0.030915 1
0.046912 1
0.283637 1
0.216680 1
0.350673 1
0.412822 3
0.256376 3
4.777114 57
0.447061 134
0.519868 58
0.448106 57
0.393114 53
0.584185 62
1.313283 11
0.078982 106
0.558768 27
0.425239 82
0.559442 135
0.178437 30
0.428987 27
0.145073 82
0.058228 144
0.476779 134
0.288968 58
0.447066 57
0.351423 53
0.368619 63
0.280807 29
1.185437 11
0.036157 106
96.178746 47
1.368733 11
0.080077 106
0.462199 47
0.183067 45
0.462991 11
0.037056 106
38.219747 27
0.919443 11
0.056423 106
39.846774 27
0.362745 11
0.049357 106
58.964039 27
0.155459 11
0.047385 106
214.900680 22
0.000130 39
3.903724 147
0.000229 9
0.026547 66
0.000339 68
0.076323 106
4.898340 118
2.767223 204
0.033771 5
0.011488 5
0.010806 5
0.010278 5
0.008890 5
0.009305 5
0.010205 5
0.010552 5
0.009050 5
0.009357 5
0.009289 5
0.009051 5
0.009218 5
0.008895 5
0.008895 5
0.008784 5
0.009738 5
0.008939 5
0.009458 5
0.008619 5
0.008700 5
0.008938 5
0.018109 5
0.007025 5
0.007457 5
0.007385 5
0.007438 5
0.006806 5
0.007712 5
0.007994 5
0.007612 5
0.007755 5
0.007483 5
0.007377 5
0.007641 5
0.007944 5
0.007694 5
0.007474 5
0.007457 5
0.007503 5
0.007652 5
0.007643 5
0.008119 5
0.007520 5
0.008357 5
0.006739 5
0.008712 5
0.007083 5
0.007516 5
0.007471 5
0.008100 5
0.006895 5
0.007218 5
0.007645 5
0.007551 5
0.008488 5
0.007446 5
0.008245 5
0.007704 5
0.008707 5
0.007121 5
0.007331 5
0.006873 5
0.007100 5
0.006929 5
0.008591 5
0.007500 5
0.007599 5
0.008279 5
0.007585 5
0.008374 5
0.007778 5
0.008639 5
0.007529 5
0.007607 5
0.007564 5
0.007839 5
0.007585 5
0.006854 5
0.007861 5
0.007667 5
0.007828 5
0.007076 5
0.008372 5
0.007259 5
0.007508 5
0.008231 5
0.007799 5
0.007872 5
0.007768 5
0.007885 5
0.007708 5
0.007398 5
0.007356 5
0.008629 5
0.007600 5
0.007579 5
0.007830 5
0.008439 5
0.007270 5
0.001071 106
90.194949 135
3.224775 221
0.764949 26
0.000564 106
211.637282 61
1.141848 156
0.029781 66
0.000297 68
0.048982 106
44.486647 48
1.439794 153
0.044313 349
0.002377 106
7.809223 46
1.674911 151
0.007614 197
0.000026 157
0.001969 106
7.233053 49
0.988324 154
0.007839 354
0.001166 106
4.996776 48
0.975513 153
0.007654 354
0.000947 106
6.801912 53
0.965982 158
0.017950 68
0.092741 130
0.000467 61
0.004907 106
32.583957 55
1.164021 160
0.008197 25
0.000027 6
0.000065 5
0.001116 106
4.982576 63
1.344086 168
0.035059 126
0.000977 106
111.203250 34
1.174667 61
0.050170 29
0.090409 64
0.016845 64
0.036340 66
0.092840 70
0.010687 33
0.000905 37
0.178907 97
0.008879 53
0.003114 106
11.932704 134
1.097965 233
0.016178 242
0.001776 106
6.868563 30
0.905981 53
0.348727 38
0.004635 106
1.981238 21
0.137654 1
0.502401 1
0.031505 1
0.047688 1
0.030641 1
0.031578 1
0.032425 1
0.030397 1
0.031393 1
0.032130 1
0.031980 1
0.031003 1
0.033030 1
0.031852 1
0.033176 1
0.031910 1
0.032192 1
0.046428 1
0.032166 1
0.031200 1
0.032012 1
0.033908 1
0.030850 1
0.030134 1
0.191515 5
0.087019 1
0.215860 5
0.424150 5
0.160663 5
0.079168 5
0.250951 11
0.292754 121
0.102028 121
0.101696 121
0.210688 121
0.102391 121
0.102884 121
0.102038 121
0.102198 121
0.102490 6
0.103090 129
0.102429 129
0.102357 129
0.102322 129
0.105302 129
0.102517 129
0.102214 129
0.103384 129
0.103031 129
0.102646 129
0.103976 129
0.102886 129
0.102231 129
0.105206 129
0.103419 129
0.104182 129
0.104790 129
0.102818 129
0.103332 129
0.103724 129
0.102620 129
0.103456 129
0.103046 129
0.103103 129
0.103898 129
0.107087 129
0.103306 129
0.103462 129
0.102010 129
0.102948 129
0.101593 129
0.103112 129
0.102728 129
0.103103 129
0.103323 129
0.102241 129
0.102818 129
0.104402 129
0.102836 129
0.102145 129
0.314347 121
0.103375 121
0.102011 121
0.102108 121
0.225388 121
0.102252 121
0.102511 121
0.103542 121
0.110375 121
0.113927 195
0.103690 121
0.103000 121
0.102970 121
0.103232 121
0.102430 121
0.102197 121
0.102304 121
0.102843 121
0.102093 121
0.103024 121
0.102992 121
0.103504 121
0.102436 121
0.102265 121
0.102590 121
0.102049 121
0.102565 121
0.102451 121
0.103489 121
0.102725 121
0.104241 121
0.103873 121
0.102669 121
0.103144 121
0.102574 121
0.102314 121
0.102259 121
0.103027 121
0.427108 121
0.102924 121
0.102311 121
0.102467 121
0.102514 121
0.102014 121
0.102628 121
0.103007 121
0.339348 121
0.103732 121
0.105927 121
0.103103 121
0.102256 121
0.102740 121
0.104465 121
0.102652 6
0.102489 129
0.101912 129
0.102878 129
0.101993 129
0.103616 129
0.102286 129
0.102850 129
0.104706 129
0.104162 129
0.103554 129
0.103152 129
0.102541 129
0.102366 129
0.102175 129
0.102238 129
0.102780 129
0.102448 129
0.103207 129
0.102969 129
0.102185 129
0.102787 129
0.102096 129
0.102327 129
0.102062 129
0.102442 129
0.102614 129
0.102740 129
0.102476 129
0.102468 129
0.102802 129
0.101991 129
0.102633 129
0.101985 129
0.102041 129
0.102208 129
0.113549 129
0.102318 129
0.102294 129
0.103494 129
0.102420 129
0.104491 129
0.102415 129
0.103019 129
0.102558 129
0.102025 129
0.102206 129
0.102617 129
0.308566 121
0.102653 121
0.103210 121
0.103772 121
0.103016 121
0.102482 121
0.102923 121
0.102683 121
0.102910 121
0.103198 121
0.121806 121
0.217739 121
0.113518 121
0.102138 121
0.102178 121
0.102206 121
0.102293 121
0.103070 6
0.103697 129
0.104945 129
0.102381 129
0.103104 129
0.102295 129
0.103599 129
0.103049 129
0.103942 129
0.102204 129
0.102627 129
0.102431 129
0.102982 129
0.102405 129
0.102775 129
0.103940 129
0.102115 129
0.103360 129
0.103055 129
0.102548 129
0.102126 129
0.103512 129
0.102974 129
0.102647 129
0.103494 129
0.105189 129
0.102422 129
0.103390 129
0.102277 129
0.102447 129
0.103378 129
0.103461 129
0.102639 129
0.102883 129
0.102469 129
0.102541 129
0.103616 129
0.102950 129
0.103054 129
0.102946 129
0.102590 129
0.102326 129
0.104251 129
0.102310 129
0.102902 129
0.102180 129
0.102232 129
0.103006 129
0.102029 129
0.102434 129
0.102266 129
0.102228 129
0.102017 129
0.102921 129
0.103487 129
0.102737 129
0.103234 129
0.103655 129
0.102732 129
0.102480 129
0.103871 129
0.103017 129
0.102680 129
0.102084 129
0.102165 129
0.102304 129
0.102285 129
0.102991 129
0.103212 129
0.103453 129
0.103888 129
0.102165 129
0.102508 129
0.102343 129
0.102936 129
0.102599 129
0.102912 129
0.102805 129
0.104328 129
0.106171 129
0.105988 129
0.106170 129
0.105956 129
0.107211 129
0.105869 129
0.106372 129
0.106353 129
0.106636 129
0.109849 129
0.103540 129
0.102283 129
0.102051 129
0.103625 129
0.102396 129
0.102866 129
0.102493 129
0.102289 129
0.103345 129
0.102402 129
0.102873 129
0.102637 129
0.102788 129
0.102563 129
0.102033 129
0.102686 129
0.101800 129
0.102701 129
0.102392 129
0.104075 129
0.103441 129
0.102910 129
0.102324 129
0.103064 129
0.102093 129
0.102350 129
0.102212 129
0.104752 129
0.103060 129
0.102895 129
0.102381 129
0.102818 129
0.103139 129
0.103764 129
0.101878 129
0.102269 129
0.102753 129
0.102466 129
0.102193 129
0.103589 129
0.102660 129
0.102677 129
0.103111 129
0.104197 129
0.102272 129
0.102334 129
0.102429 129
0.103052 129
0.102900 129
0.103594 129
0.102235 129
0.103269 129
0.102140 129
0.102841 129
0.102209 129
0.103171 129
0.102005 129
0.102115 129
0.103447 129
0.103893 129
0.102714 129
0.102768 129
0.102811 129
0.104153 129
0.103814 129
0.102541 129
0.102710 129
0.103170 129
0.103279 129
0.103661 129
0.103070 129
0.102662 129
0.102732 129
0.102800 129
0.102287 129
0.103013 129
0.102908 129
0.102579 129
0.103119 129
0.104376 129
0.102599 129
0.103636 129
0.102918 129
0.103437 129
0.102525 129
0.103206 129
0.103411 129
0.102600 129
0.102239 129
0.103698 129
0.102622 129
0.102341 129
0.102828 129
0.101979 129
0.103496 129
0.102526 129
0.103074 129
0.102434 129
0.102657 129
0.103430 129
0.102181 129
0.103897 129
0.102572 129
0.102486 129
0.102724 129
0.102255 129
0.102172 129
0.102720 129
0.102588 129
0.102998 129
0.102384 129
0.102528 129
0.102272 129
0.102047 129
0.102747 129
0.102339 129
0.102359 129
0.102326 129
0.102692 129
0.102295 129
0.103828 129
0.102452 129
0.102281 129
0.102958 129
0.102064 129
0.101986 129
0.102444 129
0.102557 129
0.102126 129
0.102924 129
0.102852 129
0.102154 129
0.102173 129
0.102292 129
0.103469 129
0.102040 129
0.102375 129
0.104213 129
0.101982 129
0.102427 129
0.104105 129
0.103823 129
0.103552 129
0.103329 129
0.102383 129
0.103352 129
0.102548 129
0.102394 129
0.102414 129
0.102232 129
0.103107 129
0.103083 129
0.102240 129
0.102107 129
0.102002 129
0.102421 129
0.102329 129
0.102367 129
0.102935 129
0.102123 129
0.102077 129
0.103466 129
0.102260 129
0.102856 129
0.102460 129
0.102153 129
0.102190 129
0.102928 129
0.102368 129
0.102234 129
0.101982 129
0.102106 129
0.102979 129
0.102182 129
0.102684 129
0.102274 129
0.102477 129
0.102220 129
0.103139 129
0.102334 129
0.102513 129
0.103043 129
0.103605 129
0.103461 129
0.102877 129
0.103290 129
0.103170 129
0.103350 129
0.102601 129
0.103333 129
0.102833 129
0.104382 129
0.102273 129
0.102096 129
0.102633 129
0.102708 129
0.104011 129
0.102052 129
0.102619 129
0.102226 129
0.102772 129
0.102090 129
0.103002 129
0.104070 129
0.103686 129
0.102812 129
0.102664 129
0.102681 129
0.102081 129
0.102543 129
0.102974 129
0.102278 129
0.103307 129
0.102549 129
0.102931 129
0.103024 129
0.103153 129
0.103061 129
0.102376 129
0.104644 129
0.103360 129
0.103902 129
0.102933 129
0.103541 129
0.103952 129
0.103425 129
0.103658 129
0.102302 129
0.102954 129
0.102161 129
0.102187 129
0.102669 129
0.104448 129
0.102382 129
0.102232 129
0.103150 129
0.102850 129
0.102297 129
0.103869 129
0.102523 129
0.102649 129
0.103033 129
0.103025 129
0.102724 129
0.103200 129
0.103337 129
0.104251 129
0.102730 129
0.102795 129
0.102199 129
0.102534 129
0.102425 129
0.103179 129
0.102789 129
0.103015 129
0.104301 129
0.102175 129
0.101903 129
0.102414 129
0.102931 129
0.102702 129
0.101941 129
0.101980 129
0.103844 129
0.104032 129
0.102122 129
0.103612 129
0.102851 129
0.102138 129
0.102093 129
0.103096 129
0.102138 129
0.102573 129
0.102924 129
0.102201 129
0.102403 129
0.103082 129
0.102222 129
0.103082 129
0.102523 129
0.104102 129
0.103367 129
0.103095 129
0.103098 129
0.102708 129
0.104757 129
0.103094 129
0.103180 129
0.103311 129
0.103136 129
0.103306 129
0.103614 129
0.102873 129
0.103902 129
0.103077 129
0.102543 129
0.103312 129
0.102505 129
0.104853 129
0.103020 129
0.102138 129
0.101946 129
0.102327 129
0.103082 129
0.102963 129
0.103493 129
0.103890 129
0.103001 129
0.102336 129
0.102144 129
0.103335 129
0.102042 129
0.102050 129
0.103163 129
0.101912 129
0.102751 129
0.102231 129
0.101993 129
0.101941 129
0.103105 129
0.101749 129
0.101869 129
0.102743 129
0.102633 129
0.102117 129
0.103433 129
0.102437 129
0.102256 129
0.102347 129
2.397735 121
0.101717 121
0.102431 121
0.102386 121
0.271811 121
0.102419 121
0.102508 121
0.102460 121
0.223572 121
0.104798 121
0.104159 14
0.002358 67
0.005914 106
2.585368 26
0.458754 89
0.199952 133
0.158652 316
1.142326 79
0.177687 153
0.879891 157
0.689547 11
0.005436 126
0.001175 106
0.782539 54
0.598336 134
0.562481 89
1.127758 133
5.361531 11
0.005187 242
0.001285 106
11.610987 134
1.039538 224
0.000109 9
0.004997 242
0.000889 106
125.629766 112
0.892131 516
0.259910 134
0.159725 89
0.687715 133
0.159702 316
0.291147 79
0.140927 153
0.216044 151
0.176331 146
0.139667 119
0.293259 117
0.136718 116
0.254088 135
0.098895 35
0.100989 121
0.664548 268
0.761082 30
0.616091 11
0.067720 164
0.013280 106
15.846466 32
0.681158 48
0.000076 9
0.034740 74
0.001671 106
5.321427 23
0.328546 48
1.375435 11
0.037980 164
0.007627 106
0.570670 27
0.202745 52
0.365509 48
0.711103 52
0.546217 48
0.136924 139
0.402033 516
0.178523 134
0.144338 89
0.120721 133
0.479765 300
0.289291 133
0.161925 316
0.164022 79
0.387143 153
0.165791 151
0.159571 146
0.153046 119
0.271657 117
0.162333 116
0.348708 135
0.121191 35
0.127559 121
0.399577 268
0.560930 11
0.013125 66
0.000444 68
0.001974 106
87.979998 48
1.139766 153
0.003026 85
0.000348 106
14.462988 70
0.928932 175
0.002819 107
0.000161 106
30.338343 37
1.033400 58
0.000108 9
0.283981 106
3.377800 36
1.182967 65
0.058274 106
24.748929 39
1.088727 71
0.045876 470
0.000169 836
0.002539 106
110.511436 30
0.686434 61
1.423973 11
0.079667 106
7.801014 27
0.233893 57
8.735718 11
0.048406 470
0.000111 805
0.002230 106
6.653044 30
0.293945 61
0.386808 57
0.431784 61
0.277017 25
0.706098 29
0.375866 25
0.318027 89
0.901002 25
0.332710 121
0.503694 30
0.527718 52
0.313557 48
0.262155 139
0.703225 516
0.178110 134
0.142106 89
0.119471 133
0.347066 300
0.184295 89
0.399976 80
0.277710 134
0.162198 89
0.197791 133
0.310972 316
0.183892 79
0.272215 153
0.367962 157
0.180824 133
0.387483 79
0.258029 153
0.181969 151
0.137624 146
0.126022 119
0.154898 117
0.182025 116
0.162249 135
0.158167 35
0.122040 121
0.501246 268
0.447623 30
0.727726 66
0.296119 135
0.179150 35
0.164681 121
0.143823 19
0.218076 324
0.223221 35
0.406924 30
0.216097 40
0.760625 11
0.060876 106
0.741509 47
0.429067 138
0.193603 61
0.782552 11
0.054543 106
119.352789 27
0.520217 40
0.687155 138
1.312359 11
0.052286 202
0.000087 268
0.000013 55
0.000045 315
0.000108 435
0.002579 106
44.993588 30
0.825599 61
1.142260 11
0.088596 106
35.369480 27
0.270260 57
0.559718 11
0.014503 241
0.000012 2
0.000008 80
0.000049 147
0.000433 836
0.001958 106
187.858203 101
1.197256 181
0.000143 9
0.039361 66
0.000261 68
0.343408 106
20.139492 39
2.118579 71
0.041640 396
0.000140 161
0.000052 354
0.000025 279
0.000011 33
0.000105 14
0.002394 106
21.011669 27
1.179457 47
0.534275 138
0.000044 76
0.000113 498
0.000084 2
0.000049 111
0.000080 56
0.000216 227
0.003492 106
22.258215 65
1.123063 170
0.018962 106
3.574760 73
0.966091 169
0.000176 9
80.135095 2
4.248079 2
0.005500 2
0.000223 8
0.000119 98
1.298476 64
8.547984 4
0.502027 4
0.043059 4
0.031186 4
0.031223 4
0.035333 4
0.038692 4
0.021018 4
0.032673 4
0.030405 4
0.030582 4
0.032683 4
0.047294 4
0.029932 4
0.032526 4
0.031152 4
0.032170 4
0.033172 4
0.032808 4
0.030276 4
0.031833 4
0.030642 4
0.031508 4
0.047343 4
0.031438 4
0.032925 4
0.031374 4
0.030765 4
0.032513 4
0.030030 4
0.032055 4
0.030144 4
0.032196 4
0.031465 4
0.048580 4
0.031534 4
0.031379 4
0.032743 4
0.030482 4
0.031412 4
0.031359 4
0.031834 4
0.032358 4
0.032954 4
0.031806 4
0.031488 4
0.033945 4
0.031244 4
0.031793 4
0.047707 4
0.031742 4
0.032020 4
0.030466 4
0.031857 4
0.032456 4
0.031642 4
0.030976 4
0.029935 4
0.046187 4
0.032183 4
0.031342 4
0.030896 4
0.031675 4
0.031560 4
0.030950 1
0.031929 1
0.031639 1
0.031423 1
0.046508 1
0.031477 1
0.030140 1
0.031833 1
0.827171 57
1.343509 152
0.742833 2
0.000182 9
3.130454 55
0.107668 63
74.595459 158
0.280224 151
0.144304 153
68.532348 2
0.005070 2
0.000227 8
0.000059 98
14.809117 132
2.700689 206
0.000217 9
0.035636 208
0.000126 477
0.038903 2
0.000101 239
0.002234 106
18.413286 103
0.016233 103
0.017948 103
0.011395 103
0.014153 103
0.014705 103
0.017191 103
0.016696 103
0.016144 103
0.016373 103
50.050962 195
2.058185 185
0.044000 195
0.009445 95
0.000023 100
0.008915 129
0.000036 30
0.000039 36
0.008437 195
0.001255 106
9.835247 140
1.231063 214
0.000010 9
0.004012 208
0.000111 485
0.01711